0
30 20 20 20 20 20 20 20 20 25 
40 1 1 1 1 1 1 1 1 30 
40 1 1 1 1 1 1 1 1 30 
40 1 1 1 1 1 1 1 1 30 
40 1 1 1 1 1 1 1 1 30 
40 1 1 1 1 1 1 1 1 30 
40 1 1 1 1 1 1 1 1 30 
40 1 1 1 1 1 1 1 1 30 
40 1 1 1 1 1 1 1 1 30 
30 20 20 20 20 20 20 20 20 25 

0.0001
30 20 20 20 20 20 20 20 20 25 
40 1.58 1.19 1.19 1.19 1.19 1.19 1.19 1.48 30 
40 1.39 1 1 1 1 1 1 1.29 30 
40 1.39 1 1 1 1 1 1 1.29 30 
40 1.39 1 1 1 1 1 1 1.29 30 
40 1.39 1 1 1 1 1 1 1.29 30 
40 1.39 1 1 1 1 1 1 1.29 30 
40 1.39 1 1 1 1 1 1 1.29 30 
40 1.58 1.19 1.19 1.19 1.19 1.19 1.19 1.48 30 
30 20 20 20 20 20 20 20 20 25 

0.0002
30 20 20 20 20 20 20 20 20 25 
40 2.1426 1.3801 1.3762 1.3762 1.3762 1.3762 1.3791 1.9456 30 
40 1.7741 1.0058 1.0019 1.0019 1.0019 1.0019 1.0048 1.5761 30 
40 1.7722 1.0039 1 1 1 1 1.0029 1.5742 30 
40 1.7722 1.0039 1 1 1 1 1.0029 1.5742 30 
40 1.7722 1.0039 1 1 1 1 1.0029 1.5742 30 
40 1.7722 1.0039 1 1 1 1 1.0029 1.5742 30 
40 1.7741 1.0058 1.0019 1.0019 1.0019 1.0019 1.0048 1.5761 30 
40 2.1426 1.3801 1.3762 1.3762 1.3762 1.3762 1.3791 1.9456 30 
30 20 20 20 20 20 20 20 20 25 

0.0003
30 20 20 20 20 20 20 20 20 25 
40 2.688438 1.570142 1.558734 1.558695 1.558695 1.558724 1.567202 2.397328 30 
40 2.152342 1.017168 1.005663 1.005624 1.005624 1.005653 1.014208 1.858302 30 
40 2.146814 1.011563 1.000058 1.000019 1.000019 1.000048 1.008603 1.852764 30 
40 2.146795 1.011544 1.000039 1 1 1.000029 1.008584 1.852745 30 
40 2.146795 1.011544 1.000039 1 1 1.000029 1.008584 1.852745 30 
40 2.146814 1.011563 1.000058 1.000019 1.000019 1.000048 1.008603 1.852764 30 
40 2.152342 1.017168 1.005663 1.005624 1.005624 1.005653 1.014208 1.858302 30 
40 2.688438 1.570142 1.558734 1.558695 1.558695 1.558724 1.567202 2.397328 30 
30 20 20 20 20 20 20 20 20 25 

0.0004
30 20 20 20 20 20 20 20 20 25 
40 3.21812532 1.75997972 1.73772964 1.73757773 1.73757763 1.73769054 1.75421652 2.83568992 30 
40 2.52477252 1.03387838 1.01125232 1.01109905 1.01109895 1.01121292 1.02803728 2.13661292 30 
40 2.51404844 1.02285632 1.00022852 1.00007525 1.00007515 1.00018912 1.01701492 2.12584994 30 
40 2.51397473 1.02278165 1.00015385 1.00000058 1.00000048 1.00011445 1.01694025 2.12577613 30 
40 2.51397473 1.02278165 1.00015385 1.00000058 1.00000048 1.00011445 1.01694025 2.12577613 30 
40 2.51404844 1.02285632 1.00022852 1.00007525 1.00007515 1.00018912 1.01701492 2.12584994 30 
40 2.52477252 1.03387838 1.01125232 1.01109905 1.01109895 1.01121292 1.02803728 2.13661292 30 
40 3.21812532 1.75997972 1.73772964 1.73757773 1.73757763 1.73769054 1.75421652 2.83568992 30 
30 20 20 20 20 20 20 20 20 25 

0.0005
30 20 20 20 20 20 20 20 20 25 
40 3.73224783 1.94947786 1.91330855 1.91293868 1.9129382 1.91321299 1.94006204 3.26117062 30 
40 2.89144214 1.05571185 1.01863158 1.01825513 1.01825464 1.01853456 1.04610636 2.41104417 30 
40 2.87410254 1.03765144 1.00056276 1.00018627 1.00018578 1.00046573 1.02804449 2.39360998 30 
40 2.87392379 1.03746805 1.00037934 1.00000286 1.00000237 1.00028232 1.0278611 2.39343075 30 
40 2.87392379 1.03746805 1.00037934 1.00000286 1.00000237 1.00028232 1.0278611 2.39343075 30 
40 2.87410254 1.03765144 1.00056276 1.00018627 1.00018578 1.00046573 1.02804449 2.39360998 30 
40 2.89144214 1.05571185 1.01863158 1.01825513 1.01825464 1.01853456 1.04610636 2.41104417 30 
40 3.73224783 1.94947786 1.91330855 1.91293868 1.9129382 1.91321299 1.94006204 3.26117062 30 
30 20 20 20 20 20 20 20 20 25 

0.0006
30 20 20 20 20 20 20 20 20 25 
40 4.23136712 2.13851143 2.08558669 2.08486616 2.08486473 2.08539982 2.12466445 3.67423486 30 
40 3.25240508 1.08245541 1.0277647 1.02702504 1.02702359 1.02757358 1.06823896 2.68161128 30 
40 3.22716861 1.05582383 1.00110873 1.00036889 1.00036744 1.00091757 1.04160314 2.65619078 30 
40 3.22682178 1.05546355 1.0007483 1.00000845 1.00000701 1.00055714 1.04124284 2.65584254 30 
40 3.22682178 1.05546355 1.0007483 1.00000845 1.00000701 1.00055714 1.04124284 2.65584254 30 
40 3.22716861 1.05582383 1.00110873 1.00036889 1.00036744 1.00091757 1.04160314 2.65619078 30 
40 3.25240508 1.08245541 1.0277647 1.02702504 1.02702359 1.02757358 1.06823896 2.68161128 30 
40 4.23136712 2.13851143 2.08558669 2.08486616 2.08486473 2.08539982 2.12466445 3.67423486 30 
30 20 20 20 20 20 20 20 20 25 

0.0007
30 20 20 20 20 20 20 20 20 25 
40 4.7160216 2.32696507 2.25467465 2.25344627 2.25344304 2.25435485 2.30795661 4.07532822 30 
40 3.60771879 1.11390224 1.03861587 1.03734427 1.03734095 1.03828643 1.09426393 2.94833347 30 
40 3.57343237 1.07725284 1.00191144 1.00063923 1.00063591 1.00158188 1.05760492 2.91373372 30 
40 3.57284345 1.07663359 1.00129166 1.00001944 1.00001613 1.0009621 1.05698558 2.9131416 30 
40 3.57284345 1.07663359 1.00129166 1.00001944 1.00001613 1.0009621 1.05698558 2.9131416 30 
40 3.57343237 1.07725284 1.00191144 1.00063923 1.00063591 1.00158188 1.05760492 2.91373372 30 
40 3.60771879 1.11390224 1.03861587 1.03734427 1.03734095 1.03828643 1.09426393 2.94833347 30 
40 4.7160216 2.32696507 2.25467465 2.25344627 2.25344304 2.25435485 2.30795661 4.07532822 30 
30 20 20 20 20 20 20 20 20 25 

0.0008
30 20 20 20 20 20 20 20 20 25 
40 5.18672757 2.51473245 2.42067793 2.41876304 2.41875674 2.42017752 2.48987782 4.46487799 30 
40 3.9574436 1.14985168 1.05114956 1.04915092 1.04914441 1.05063039 1.12401518 3.21123339 30 
40 3.91307323 1.10182152 1.00301298 1.00101277 1.00100626 1.0024935 1.07596637 3.16637517 30 
40 3.91215881 1.10084846 1.00203855 1.00003833 1.00003182 1.00151907 1.0749931 3.16545454 30 
40 3.91215881 1.10084846 1.00203855 1.00003833 1.00003182 1.00151907 1.0749931 3.16545454 30 
40 3.91307323 1.10182152 1.00301298 1.00101277 1.00100626 1.0024935 1.07596637 3.16637517 30 
40 3.9574436 1.14985168 1.05114956 1.04915092 1.04914441 1.05063039 1.12401518 3.21123339 30 
40 5.18672757 2.51473245 2.42067793 2.41876304 2.41875674 2.42017752 2.48987782 4.46487799 30 
30 20 20 20 20 20 20 20 20 25 

0.0009
30 20 20 20 20 20 20 20 20 25 
40 5.64398023 2.70171572 2.58369727 2.58089838 2.58088732 2.58296307 2.67037341 4.84329398 30 
40 4.30164238 1.19010908 1.06533052 1.06238558 1.06237408 1.06456348 1.15733166 3.47033674 30 
40 4.24626454 1.12941653 1.00445268 1.00150434 1.00149283 1.00368498 1.09660649 3.4142467 30 
40 4.24493326 1.12798319 1.00301639 1.00006801 1.0000565 1.00224868 1.09517271 3.41290459 30 
40 4.24493326 1.12798319 1.00301639 1.00006801 1.0000565 1.00224868 1.09517271 3.41290459 30 
40 4.24626454 1.12941653 1.00445268 1.00150434 1.00149283 1.00368498 1.09660649 3.4142467 30 
40 4.30164238 1.19010908 1.06533052 1.06238558 1.06237408 1.06456348 1.15733166 3.47033674 30 
40 5.64398023 2.70171572 2.58369727 2.58089838 2.58088732 2.58296307 2.67037341 4.84329398 30 
30 20 20 20 20 20 20 20 20 25 

0.001
30 20 20 20 20 20 20 20 20 25 
40 6.0882546 2.88782496 2.74382882 2.73993214 2.73991418 2.74280279 2.84939436 5.21096932 30 
40 4.64038022 1.23448577 1.08112374 1.07699123 1.07697241 1.08004448 1.19405719 3.72567199 30 
40 4.57317388 1.15992796 1.00626725 1.00212816 1.00210932 1.0051867 1.11944659 3.65747531 30 
40 4.57132774 1.15791736 1.00425094 1.00011174 1.0000929 1.00317036 1.11743512 3.65561164 30 
40 4.57132774 1.15791736 1.00425094 1.00011174 1.0000929 1.00317036 1.11743512 3.65561164 30 
40 4.57317388 1.15992796 1.00626725 1.00212816 1.00210932 1.0051867 1.11944659 3.65747531 30 
40 4.64038022 1.23448577 1.08112374 1.07699123 1.07697241 1.08004448 1.19405719 3.72567199 30 
40 6.0882546 2.88782496 2.74382882 2.73993214 2.73991418 2.74280279 2.84939436 5.21096932 30 
30 20 20 20 20 20 20 20 20 25 

0.0011
30 20 20 20 20 20 20 20 20 25 
40 6.52000647 3.07297765 2.90116448 2.8959422 2.89591469 2.89978421 3.02689688 5.56828122 30 
40 4.97372415 1.28279891 1.09849452 1.09291315 1.0928841 1.09703289 1.23404048 3.97727013 30 
40 4.89396328 1.19324928 1.00849087 1.00289783 1.00286875 1.00702694 1.14441027 3.8961836 30 
40 4.89149882 1.1905349 1.00576638 1.00017311 1.00014403 1.0043024 1.14169436 3.8936924 30 
40 4.89149882 1.1905349 1.00576638 1.00017311 1.00014403 1.0043024 1.14169436 3.8936924 30 
40 4.89396328 1.19324928 1.00849087 1.00289783 1.00286875 1.00702694 1.14441027 3.8961836 30 
40 4.97372415 1.28279891 1.09849452 1.09291315 1.0928841 1.09703289 1.23404048 3.97727013 30 
40 6.52000647 3.07297765 2.90116448 2.8959422 2.89591469 2.89978421 3.02689688 5.56828122 30 
30 20 20 20 20 20 20 20 20 25 

0.0012
30 20 20 20 20 20 20 20 20 25 
40 6.93967323 3.25709825 3.05579204 3.04900443 3.0489642 3.05399128 3.20284207 5.91559164 30 
40 5.30174287 1.33487141 1.11740842 1.11009881 1.11005604 1.11548893 1.27713496 4.22516438 30 
40 5.20878947 1.22927719 1.01115532 1.00382638 1.00378353 1.009232 1.17142331 4.13048999 30 
40 5.20559884 1.225724 1.00758537 1.000256 1.00021315 1.00566198 1.16786758 4.12726041 30 
40 5.20559884 1.225724 1.00758537 1.000256 1.00021315 1.00566198 1.16786758 4.12726041 30 
40 5.20878947 1.22927719 1.01115532 1.00382638 1.00378353 1.009232 1.17142331 4.13048999 30 
40 5.30174287 1.33487141 1.11740842 1.11009881 1.11005604 1.11548893 1.27713496 4.22516438 30 
40 6.93967323 3.25709825 3.05579204 3.04900443 3.0489642 3.05399128 3.20284207 5.91559164 30 
30 20 20 20 20 20 20 20 20 25 

0.0013
30 20 20 20 20 20 20 20 20 25 
40 7.34767471 3.44011768 3.20779547 3.19919281 3.19913615 3.20550458 3.37719556 6.25324804 30 
40 5.6245065 1.39053182 1.13783126 1.12849781 1.12843715 1.13537352 1.32319875 4.46938997 30 
40 5.51780408 1.26791151 1.01429008 1.00492626 1.00486546 1.0118263 1.20041362 4.36050887 30 
40 5.51377601 1.2633769 1.00972916 1.00036457 1.00030377 1.00726525 1.19587501 4.35642617 30 
40 5.51377601 1.2633769 1.00972916 1.00036457 1.00030377 1.00726525 1.19587501 4.35642617 30 
40 5.51780408 1.26791151 1.01429008 1.00492626 1.00486546 1.0118263 1.20041362 4.36050887 30 
40 5.6245065 1.39053182 1.13783126 1.12849781 1.12843715 1.13537352 1.32319875 4.46938997 30 
40 7.34767471 3.44011768 3.20779547 3.19919281 3.19913615 3.20550458 3.37719556 6.25324804 30 
30 20 20 20 20 20 20 20 20 25 

0.0014
30 20 20 20 20 20 20 20 20 25 
40 7.74441396 3.621973 3.35725507 3.34657939 3.34650205 3.35440145 3.54992725 6.58158397 30 
40 5.94208635 1.44961422 1.15972916 1.14806177 1.14797839 1.15664825 1.37209453 4.70998393 30 
40 5.82115386 1.30905508 1.01792246 1.00620939 1.00612578 1.01483243 1.23131117 4.58635081 30 
40 5.81617453 1.30338976 1.01221761 1.00050322 1.00041961 1.00912734 1.22563981 4.58129722 30 
40 5.81617453 1.30338976 1.01221761 1.00050322 1.00041961 1.00912734 1.22563981 4.58129722 30 
40 5.82115386 1.30905508 1.01792246 1.00620939 1.00612578 1.01483243 1.23131117 4.58635081 30 
40 5.94208635 1.44961422 1.15972916 1.14806177 1.14797839 1.15664825 1.37209453 4.70998393 30 
40 7.74441396 3.621973 3.35725507 3.34657939 3.34650205 3.35440145 3.54992725 6.58158397 30 
30 20 20 20 20 20 20 20 20 25 

0.0015
30 20 20 20 20 20 20 20 20 25 
40 8.130278 3.80260691 3.50424768 3.4912344 3.49113156 3.50075617 3.72101096 6.90091972 30 
40 6.25455471 1.51195808 1.18306853 1.16874426 1.16863263 1.17927538 1.42368945 4.94698486 30 
40 6.11898087 1.35261368 1.02207767 1.00768714 1.00757515 1.01827125 1.2640479 4.8081227 30 
40 6.11293473 1.34566254 1.01506923 1.00067659 1.00056458 1.01126244 1.25708797 4.80197821 30 
40 6.11293473 1.34566254 1.01506923 1.00067659 1.00056458 1.01126244 1.25708797 4.80197821 30 
40 6.11898087 1.35261368 1.02207767 1.00768714 1.00757515 1.01827125 1.2640479 4.8081227 30 
40 6.25455471 1.51195808 1.18306853 1.16874426 1.16863263 1.17927538 1.42368945 4.94698486 30 
40 8.130278 3.80260691 3.50424768 3.4912344 3.49113156 3.50075617 3.72101096 6.90091972 30 
30 20 20 20 20 20 20 20 20 25 

0.0016
30 20 20 20 20 20 20 20 20 25 
40 8.50563849 3.98196747 3.64884687 3.63322626 3.63309253 3.6446401 3.89042418 7.21156289 30 
40 6.56198469 1.5774082 1.20781606 1.19050072 1.19035459 1.20321786 1.47785506 5.18043279 30 
40 6.41142266 1.39849592 1.02677895 1.00937039 1.0092237 1.02216201 1.29855769 5.0259279 30 
40 6.40419313 1.39009884 1.01830132 1.0008895 1.00074279 1.01368381 1.29014822 5.01857097 30 
40 6.40419313 1.39009884 1.01830132 1.0008895 1.00074279 1.01368381 1.29014822 5.01857097 30 
40 6.41142266 1.39849592 1.02677895 1.00937039 1.0092237 1.02216201 1.29855769 5.0259279 30 
40 6.56198469 1.5774082 1.20781606 1.19050072 1.19035459 1.20321786 1.47785506 5.18043279 30 
40 8.50563849 3.98196747 3.64884687 3.63322626 3.63309253 3.6446401 3.89042418 7.21156289 30 
30 20 20 20 20 20 20 20 20 25 

0.0017
30 20 20 20 20 20 20 20 20 25 
40 8.87085248 4.16000771 3.7911231 3.77262161 3.77245104 3.78612184 4.05814779 7.51380895 30 
40 6.86445 1.64581451 1.23393877 1.21328836 1.21310076 1.22843927 1.53446719 5.41036894 30 
40 6.69861249 1.44661317 1.03204763 1.01126951 1.01108105 1.02652236 1.33477632 5.2398664 30 
40 6.69008255 1.43660577 1.02192996 1.00114696 1.00095847 1.01640382 1.32475189 5.23117461 30 
40 6.69008255 1.43660577 1.02192996 1.00114696 1.00095847 1.01640382 1.32475189 5.23117461 30 
40 6.69861249 1.44661317 1.03204763 1.01126951 1.01108105 1.02652236 1.33477632 5.2398664 30 
40 6.86445 1.64581451 1.23393877 1.21328836 1.21310076 1.22843927 1.53446719 5.41036894 30 
40 8.87085248 4.16000771 3.7911231 3.77262161 3.77245104 3.78612184 4.05814779 7.51380895 30 
30 20 20 20 20 20 20 20 20 25 

0.0018
30 20 20 20 20 20 20 20 20 25 
40 9.22626295 4.3366853 3.93114385 3.90948537 3.90927144 3.92526735 4.22416586 7.80794176 30 
40 7.1620248 1.71703203 1.26140395 1.23706614 1.23682932 1.25490382 1.59340582 5.6368356 30 
40 6.98067945 1.49687945 1.03790324 1.01339437 1.01315631 1.03136847 1.37264134 5.45003494 30 
40 6.97073225 1.48509386 1.02597006 1.00145413 1.00121604 1.01943403 1.36083289 5.43988555 30 
40 6.97073225 1.48509386 1.02597006 1.00145413 1.00121604 1.01943403 1.36083289 5.43988555 30 
40 6.98067945 1.49687945 1.03790324 1.01339437 1.01315631 1.03136847 1.37264134 5.45003494 30 
40 7.1620248 1.71703203 1.26140395 1.23706614 1.23682932 1.25490382 1.59340582 5.6368356 30 
40 9.22626295 4.3366853 3.93114385 3.90948537 3.90927144 3.92526735 4.22416586 7.80794176 30 
30 20 20 20 20 20 20 20 20 25 

0.0019
30 20 20 20 20 20 20 20 20 25 
40 9.57219954 4.51196228 4.06897385 4.04388077 4.0436164 4.06214007 4.38846537 8.0942341 30 
40 7.45478355 1.79092068 1.29017925 1.26179462 1.26150013 1.28257638 1.65455505 5.859876 30 
40 7.25774864 1.54921136 1.04436359 1.01575439 1.01545814 1.03671509 1.41209211 5.65652717 30 
40 7.24626802 1.53547686 1.03043547 1.00181631 1.00152 1.02278519 1.39832751 5.64479766 30 
40 7.24626802 1.53547686 1.03043547 1.00181631 1.00152 1.02278519 1.39832751 5.64479766 30 
40 7.25774864 1.54921136 1.04436359 1.01575439 1.01545814 1.03671509 1.41209211 5.65652717 30 
40 7.45478355 1.79092068 1.29017925 1.26179462 1.26150013 1.28257638 1.65455505 5.859876 30 
40 9.57219954 4.51196228 4.06897385 4.04388077 4.0436164 4.06214007 4.38846537 8.0942341 30 
30 20 20 20 20 20 20 20 20 25 

0.002
30 20 20 20 20 20 20 20 20 25 
40 9.90897901 4.68580473 4.20467511 4.17586939 4.17554696 4.19680105 4.55103605 8.37294815 30 
40 7.74280089 1.86734522 1.3202326 1.28743598 1.28707458 1.31142242 1.71780295 6.07953413 30 
40 7.52994132 1.603528 1.05144485 1.01835854 1.01799471 1.0425756 1.45306968 5.85943374 30 
40 7.51681223 1.5876717 1.03533897 1.00223892 1.001875 1.02646726 1.43717443 5.84600228 30 
40 7.51681223 1.5876717 1.03533897 1.00223892 1.001875 1.02646726 1.43717443 5.84600228 30 
40 7.52994132 1.603528 1.05144485 1.01835854 1.01799471 1.0425756 1.45306968 5.85943374 30 
40 7.74280089 1.86734522 1.3202326 1.28743598 1.28707458 1.31142242 1.71780295 6.07953413 30 
40 9.90897901 4.68580473 4.20467511 4.17586939 4.17554696 4.19680105 4.55103605 8.37294815 30 
30 20 20 20 20 20 20 20 20 25 

0.0021
30 20 20 20 20 20 20 20 20 25 
40 10.2369059 4.85818253 4.33830718 4.3055112 4.30512253 4.32930906 4.71187013 8.64433593 30 
40 8.02615151 1.94617507 1.35153231 1.31395389 1.3135156 1.34140807 1.78304146 6.29585461 30 
40 7.79737508 1.65975091 1.05916164 1.02121534 1.02077376 1.04896212 1.49551676 6.05884245 30 
40 7.782484 1.64159834 1.04069236 1.00272748 1.00228576 1.03048949 1.47731459 6.04358829 30 
40 7.782484 1.64159834 1.04069236 1.00272748 1.00228576 1.03048949 1.47731459 6.04358829 30 
40 7.79737508 1.65975091 1.05916164 1.02121534 1.02077376 1.04896212 1.49551676 6.05884245 30 
40 8.02615151 1.94617507 1.35153231 1.31395389 1.3135156 1.34140807 1.78304146 6.29585461 30 
40 10.2369059 4.85818253 4.33830718 4.3055112 4.30512253 4.32930906 4.71187013 8.64433593 30 
30 20 20 20 20 20 20 20 20 25 

0.0022
30 20 20 20 20 20 20 20 20 25 
40 10.556273 5.02906911 4.46992715 4.43286458 4.43240099 4.4597207 4.87096219 8.90863974 30 
40 8.30491001 2.02728424 1.384047 1.34131348 1.34078756 1.37250003 1.85016629 6.50888262 30 
40 8.06016394 1.71780397 1.06752708 1.0243329 1.0238026 1.05588552 1.53937769 6.25483835 30 
40 8.04339921 1.69717967 1.04650646 1.00328759 1.00275709 1.03486043 1.5186911 6.23764221 30 
40 8.04339921 1.69717967 1.04650646 1.00328759 1.00275709 1.03486043 1.5186911 6.23764221 30 
40 8.06016394 1.71780397 1.06752708 1.0243329 1.0238026 1.05588552 1.53937769 6.25483835 30 
40 8.30491001 2.02728424 1.384047 1.34131348 1.34078756 1.37250003 1.85016629 6.50888262 30 
40 10.556273 5.02906911 4.46992715 4.43286458 4.43240099 4.4597207 4.87096219 8.90863974 30 
30 20 20 20 20 20 20 20 20 25 

0.0023
30 20 20 20 20 20 20 20 20 25 
40 10.8673619 5.19844119 4.59958987 4.55798642 4.55743868 4.58809051 5.02830897 9.16609259 30 
40 8.57915083 2.11055117 1.41774564 1.36948126 1.36885622 1.40466563 1.91907687 6.71866376 30 
40 8.31841852 1.77761336 1.0765529 1.02771889 1.02708813 1.0633555 1.5845984 6.44750384 30 
40 8.29967067 1.75434137 1.05279121 1.00392493 1.00329389 1.03958795 1.56124917 6.42824824 30 
40 8.29967067 1.75434137 1.05279121 1.00392493 1.00329389 1.03958795 1.56124917 6.42824824 30 
40 8.31841852 1.77761336 1.0765529 1.02771889 1.02708813 1.0633555 1.5845984 6.44750384 30 
40 8.57915083 2.11055117 1.41774564 1.36948126 1.36885622 1.40466563 1.91907687 6.71866376 30 
40 10.8673619 5.19844119 4.59958987 4.55798642 4.55743868 4.58809051 5.02830897 9.16609259 30 
30 20 20 20 20 20 20 20 20 25 

0.0024
30 20 20 20 20 20 20 20 20 25 
40 11.1704433 5.36627857 4.72734801 4.68093206 4.68029046 4.71447102 5.18390921 9.41691862 30 
40 8.84894811 2.19585864 1.45259756 1.39842508 1.39768871 1.43787279 1.98967616 6.92524395 30 
40 8.57224612 1.83910747 1.08624947 1.03138061 1.03063685 1.07138068 1.63112631 6.63691879 30 
40 8.55140815 1.81301188 1.05955567 1.00464522 1.00390108 1.0446793 1.60493604 6.61548833 30 
40 8.55140815 1.81301188 1.05955567 1.00464522 1.00390108 1.0446793 1.60493604 6.61548833 30 
40 8.57224612 1.83910747 1.08624947 1.03138061 1.03063685 1.07138068 1.63112631 6.63691879 30 
40 8.84894811 2.19585864 1.45259756 1.39842508 1.39768871 1.43787279 1.98967616 6.92524395 30 
40 11.1704433 5.36627857 4.72734801 4.68093206 4.68029046 4.71447102 5.18390921 9.41691862 30 
30 20 20 20 20 20 20 20 20 25 

0.0025
30 20 20 20 20 20 20 20 20 25 
40 11.4657779 5.53256393 4.85325217 4.80175541 4.80100976 4.8389129 5.3377635 9.66133341 30 
40 9.11437566 2.28309361 1.48857247 1.42811407 1.42725342 1.47209005 2.06187064 7.12866932 30 
40 8.82175092 1.90221683 1.09662591 1.03532495 1.03445488 1.07996861 1.67891038 6.82316063 30 
40 8.79871849 1.87312224 1.06680806 1.00545424 1.00458366 1.0501411 1.6497009 6.79944222 30 
40 8.79871849 1.87312224 1.06680806 1.00545424 1.00458366 1.0501411 1.6497009 6.79944222 30 
40 8.82175092 1.90221683 1.09662591 1.03532495 1.03445488 1.07996861 1.67891038 6.82316063 30 
40 9.11437566 2.28309361 1.48857247 1.42811407 1.42725342 1.47209005 2.06187064 7.12866932 30 
40 11.4657779 5.53256393 4.85325217 4.80175541 4.80100976 4.8389129 5.3377635 9.66133341 30 
30 20 20 20 20 20 20 20 20 25 

0.0026
30 20 20 20 20 20 20 20 20 25 
40 11.7536161 5.69728261 4.977351 4.92050895 4.91964859 4.96146502 5.48987413 9.8995444 30 
40 9.37550686 2.37214715 1.52564043 1.45851857 1.45751997 1.5072865 2.13557014 7.3289862 30 
40 9.06703399 1.96687409 1.1076901 1.03955844 1.038548 1.08912583 1.72790097 7.00630442 30 
40 9.04170566 1.93460601 1.07455585 1.00635778 1.00534665 1.0559794 1.69549481 6.98018757 30 
40 9.04170566 1.93460601 1.07455585 1.00635778 1.00534665 1.0559794 1.69549481 6.98018757 30 
40 9.06703399 1.96687409 1.1076901 1.03955844 1.038548 1.08912583 1.72790097 7.00630442 30 
40 9.37550686 2.37214715 1.52564043 1.45851857 1.45751997 1.5072865 2.13557014 7.3289862 30 
40 11.7536161 5.69728261 4.977351 4.92050895 4.91964859 4.96146502 5.48987413 9.8995444 30 
30 20 20 20 20 20 20 20 20 25 

0.0027
30 20 20 20 20 20 20 20 20 25 
40 12.0341994 5.86042245 5.09969128 5.03724378 5.03625758 5.08217451 5.64024496 10.1317512 30 
40 9.63241456 2.46291431 1.56377188 1.48961011 1.48845918 1.54343185 2.21068782 7.52624094 30 
40 9.3081935 2.03301389 1.11944878 1.04408725 1.04292158 1.09885794 1.77804988 7.18642299 30 
40 9.28047089 1.99739918 1.08280571 1.00736165 1.0061951 1.06219969 1.74227064 7.15779994 30 
40 9.28047089 1.99739918 1.08280571 1.00736165 1.0061951 1.06219969 1.74227064 7.15779994 30 
40 9.3081935 2.03301389 1.11944878 1.04408725 1.04292158 1.09885794 1.77804988 7.18642299 30 
40 9.63241456 2.46291431 1.56377188 1.48961011 1.48845918 1.54343185 2.21068782 7.52624094 30 
40 12.0341994 5.86042245 5.09969128 5.03724378 5.03625758 5.08217451 5.64024496 10.1317512 30 
30 20 20 20 20 20 20 20 20 25 

0.0028
30 20 20 20 20 20 20 20 20 25 
40 12.3077598 6.0219736 5.22031801 5.15200962 5.15088605 5.20108688 5.7888813 10.358146 30 
40 9.88517105 2.55529396 1.60293765 1.52136132 1.52004303 1.58049637 2.28713998 7.72047992 30 
40 9.54532475 2.1005729 1.13190762 1.04891718 1.04758072 1.10916966 1.82931028 7.36358698 30 
40 9.51511269 2.06144011 1.09156363 1.00847168 1.00713408 1.06880694 1.78998302 7.33235288 30 
40 9.51511269 2.06144011 1.09156363 1.00847168 1.00713408 1.06880694 1.78998302 7.33235288 30 
40 9.54532475 2.1005729 1.13190762 1.04891718 1.04758072 1.10916966 1.82931028 7.36358698 30 
40 9.88517105 2.55529396 1.60293765 1.52136132 1.52004303 1.58049637 2.28713998 7.72047992 30 
40 12.3077598 6.0219736 5.22031801 5.15200962 5.15088605 5.20108688 5.7888813 10.358146 30 
30 20 20 20 20 20 20 20 20 25 

0.0029
30 20 20 20 20 20 20 20 20 25 
40 12.5745208 6.18192837 5.3392745 5.26485489 5.26358201 5.31824604 5.93578977 10.5789138 30 
40 10.133848 2.64918876 1.64310895 1.55374594 1.55224455 1.61845091 2.36484606 7.91174946 30 
40 9.77852033 2.16948965 1.14507122 1.05405371 1.05253013 1.12006481 1.88163667 7.53786493 30 
40 9.74572696 2.1266694 1.10083492 1.00969368 1.00816865 1.0758056 1.83858823 7.50391799 30 
40 9.74572696 2.1266694 1.10083492 1.00969368 1.00816865 1.0758056 1.83858823 7.50391799 30 
40 9.77852033 2.16948965 1.14507122 1.05405371 1.05253013 1.12006481 1.88163667 7.53786493 30 
40 10.133848 2.64918876 1.64310895 1.55374594 1.55224455 1.61845091 2.36484606 7.91174946 30 
40 12.5745208 6.18192837 5.3392745 5.26485489 5.26358201 5.31824604 5.93578977 10.5789138 30 
30 20 20 20 20 20 20 20 20 25 

0.003
30 20 20 20 20 20 20 20 20 25 
40 12.8346978 6.34028108 5.45660244 5.37582672 5.37439218 5.43369442 6.08097824 10.7942326 30 
40 10.3785164 2.74450496 1.6842574 1.58673873 1.58503786 1.65726689 2.44372848 8.10009572 30 
40 10.0078702 2.23970456 1.15894325 1.05950197 1.05777424 1.13154645 1.93498484 7.70932338 30 
40 9.97240705 2.19302983 1.11062422 1.01103344 1.00930389 1.08319964 1.88804419 7.67256498 30 
40 9.97240705 2.19302983 1.11062422 1.01103344 1.00930389 1.08319964 1.88804419 7.67256498 30 
40 10.0078702 2.23970456 1.15894325 1.05950197 1.05777424 1.13154645 1.93498484 7.70932338 30 
40 10.3785164 2.74450496 1.6842574 1.58673873 1.58503786 1.65726689 2.44372848 8.10009572 30 
40 12.8346978 6.34028108 5.45660244 5.37582672 5.37439218 5.43369442 6.08097824 10.7942326 30 
30 20 20 20 20 20 20 20 20 25 

0.0031
30 20 20 20 20 20 20 20 20 25 
40 13.0884978 6.49702789 5.572342 5.48497098 5.48336208 5.54747302 6.22445567 11.0042741 30 
40 10.6192464 2.84115235 1.726355 1.62031542 1.61839807 1.69691629 2.5237126 8.28556474 30 
40 10.2334616 2.31115986 1.1735264 1.06526679 1.06331717 1.14361685 1.98931187 7.8780269 30 
40 10.1952438 2.2604663 1.12093555 1.01249674 1.01054484 1.0909926 1.93831035 7.83836171 30 
40 10.1952438 2.2604663 1.12093555 1.01249674 1.01054484 1.0909926 1.93831035 7.83836171 30 
40 10.2334616 2.31115986 1.1735264 1.06526679 1.06331717 1.14361685 1.98931187 7.8780269 30 
40 10.6192464 2.84115235 1.726355 1.62031542 1.61839807 1.69691629 2.5237126 8.28556474 30 
40 13.0884978 6.49702789 5.572342 5.48497098 5.48336208 5.54747302 6.22445567 11.0042741 30 
30 20 20 20 20 20 20 20 20 25 

0.0032
30 20 20 20 20 20 20 20 20 25 
40 13.3361207 6.65216669 5.68653186 5.59233234 5.59053602 5.65962144 6.36623204 11.2092033 30 
40 10.8561077 2.93904415 1.76937416 1.65445271 1.65230125 1.73737164 2.60472658 8.46820229 30 
40 10.4553797 2.38379953 1.18882252 1.07135267 1.06916275 1.15627756 2.04457607 8.0440382 30 
40 10.4143258 2.3289257 1.13177238 1.01408931 1.01189656 1.09918754 1.98934771 8.00137423 30 
40 10.4143258 2.3289257 1.13177238 1.01408931 1.01189656 1.09918754 1.98934771 8.00137423 30 
40 10.4553797 2.38379953 1.18882252 1.07135267 1.06916275 1.15627756 2.04457607 8.0440382 30 
40 10.8561077 2.93904415 1.76937416 1.65445271 1.65230125 1.73737164 2.60472658 8.46820229 30 
40 13.3361207 6.65216669 5.68653186 5.59233234 5.59053602 5.65962144 6.36623204 11.2092033 30 
30 20 20 20 20 20 20 20 20 25 

0.0033
30 20 20 20 20 20 20 20 20 25 
40 13.5777586 6.80569699 5.79920931 5.69795425 5.69595713 5.77017798 6.50631827 11.4091795 30 
40 11.0891688 3.03809686 1.81328771 1.6891282 1.68672443 1.77860604 2.68670134 8.64805388 30 
40 10.6737068 2.45756927 1.2048326 1.07776384 1.07531452 1.16952944 2.10073692 8.2074182 30 
40 10.6297391 2.39835691 1.14313759 1.01581685 1.01336406 1.10778714 2.04111865 8.16166686 30 
40 10.6297391 2.39835691 1.14313759 1.01581685 1.01336406 1.10778714 2.04111865 8.16166686 30 
40 10.6737068 2.45756927 1.2048326 1.07776384 1.07531452 1.16952944 2.10073692 8.2074182 30 
40 11.0891688 3.03809686 1.81328771 1.6891282 1.68672443 1.77860604 2.68670134 8.64805388 30 
40 13.5777586 6.80569699 5.79920931 5.69795425 5.69595713 5.77017798 6.50631827 11.4091795 30 
30 20 20 20 20 20 20 20 20 25 

0.0034
30 20 20 20 20 20 20 20 20 25 
40 13.8135969 6.95761976 5.91041033 5.80187902 5.79966741 5.87917967 6.64472613 11.6043561 30 
40 11.3184977 3.13823022 1.85806887 1.72432038 1.72164552 1.82059313 2.76957044 8.82516471 30 
40 10.8885233 2.53241643 1.22155688 1.08450421 1.08177576 1.1833727 2.15775512 8.36822605 30 
40 10.8415675 2.46871066 1.15503352 1.017685 1.01495233 1.11679364 2.093587 8.31930222 30 
40 10.8415675 2.46871066 1.15503352 1.017685 1.01495233 1.11679364 2.093587 8.31930222 30 
40 10.8885233 2.53241643 1.22155688 1.08450421 1.08177576 1.1833727 2.15775512 8.36822605 30 
40 11.3184977 3.13823022 1.85806887 1.72432038 1.72164552 1.82059313 2.76957044 8.82516471 30 
40 13.8135969 6.95761976 5.91041033 5.80187902 5.79966741 5.87917967 6.64472613 11.6043561 30 
30 20 20 20 20 20 20 20 20 25 

0.0035
30 20 20 20 20 20 20 20 20 25 
40 14.0438142 7.10793734 6.02016959 5.90414785 5.90170776 5.98666235 6.78146814 11.7948807 30 
40 11.5441613 3.23936704 1.90369129 1.76000854 1.75704326 1.86330709 2.85327001 8.99957965 30 
40 11.0999072 2.60828998 1.23899484 1.09157742 1.08854947 1.19780697 2.21559248 8.52651923 30 
40 11.0498929 2.53993951 1.16746204 1.01969935 1.0166663 1.12620895 2.1467179 8.47434129 30 
40 11.0498929 2.53993951 1.16746204 1.01969935 1.0166663 1.12620895 2.1467179 8.47434129 30 
40 11.0999072 2.60828998 1.23899484 1.09157742 1.08854947 1.19780697 2.21559248 8.52651923 30 
40 11.5441613 3.23936704 1.90369129 1.76000854 1.75704326 1.86330709 2.85327001 8.99957965 30 
40 14.0438142 7.10793734 6.02016959 5.90414785 5.90170776 5.98666235 6.78146814 11.7948807 30 
30 20 20 20 20 20 20 20 20 25 

0.0036
30 20 20 20 20 20 20 20 20 25 
40 14.2685826 7.25665336 6.12852057 6.00480079 6.00211798 6.09266069 6.91655755 11.980896 30 
40 11.7662257 3.34143315 1.95012904 1.7961728 1.79289726 1.90672263 2.93773868 9.17134316 30 
40 11.3079343 2.68514047 1.25714525 1.09898684 1.09563843 1.21283127 2.27421192 8.68235359 30 
40 11.2547945 2.61199778 1.18042452 1.02186543 1.01851089 1.1360346 2.20047779 8.62684342 30 
40 11.2547945 2.61199778 1.18042452 1.02186543 1.01851089 1.1360346 2.20047779 8.62684342 30 
40 11.3079343 2.68514047 1.25714525 1.09898684 1.09563843 1.21283127 2.27421192 8.68235359 30 
40 11.7662257 3.34143315 1.95012904 1.7961728 1.79289726 1.90672263 2.93773868 9.17134316 30 
40 14.2685826 7.25665336 6.12852057 6.00480079 6.00211798 6.09266069 6.91655755 11.980896 30 
30 20 20 20 20 20 20 20 20 25 

0.0037
30 20 20 20 20 20 20 20 20 25 
40 14.4880681 7.40377259 6.23549558 6.10387687 6.10093685 6.19720824 7.0500082 12.1625392 30 
40 11.9847562 3.44435731 1.9973566 1.83279402 1.82918789 1.95081501 3.02291749 9.34049932 30 
40 11.5126786 2.76291996 1.27600625 1.10673559 1.10304516 1.2284441 2.33357746 8.83578343 30 
40 11.45635 2.68484144 1.19392187 1.02418869 1.02049095 1.14627176 2.25483436 8.77686643 30 
40 11.45635 2.68484144 1.19392187 1.02418869 1.02049095 1.14627176 2.25483436 8.77686643 30 
40 11.5126786 2.76291996 1.27600625 1.10673559 1.10304516 1.2284441 2.33357746 8.83578343 30 
40 11.9847562 3.44435731 1.9973566 1.83279402 1.82918789 1.95081501 3.02291749 9.34049932 30 
40 14.4880681 7.40377259 6.23549558 6.10387687 6.10093685 6.19720824 7.0500082 12.1625392 30 
30 20 20 20 20 20 20 20 20 25 

0.0038
30 20 20 20 20 20 20 20 20 25 
40 14.7024307 7.54930089 6.34112582 6.20141406 6.19820211 6.30033751 7.18183452 12.3399427 30 
40 12.199817 3.54807108 2.04534886 1.86985383 1.86589628 1.99555998 3.10874979 9.50709175 30 
40 11.7142117 2.84158199 1.29557534 1.11482651 1.11077194 1.24464343 2.39365415 8.98686153 30 
40 11.6546347 2.75842812 1.20795457 1.02667451 1.02261127 1.1569213 2.30975648 8.92446662 30 
40 11.6546347 2.75842812 1.20795457 1.02667451 1.02261127 1.1569213 2.30975648 8.92446662 30 
40 11.7142117 2.84158199 1.29557534 1.11482651 1.11077194 1.24464343 2.39365415 8.98686153 30 
40 12.199817 3.54807108 2.04534886 1.86985383 1.86589628 1.99555998 3.10874979 9.50709175 30 
40 14.7024307 7.54930089 6.34112582 6.20141406 6.19820211 6.30033751 7.18183452 12.3399427 30 
30 20 20 20 20 20 20 20 20 25 

0.0039
30 20 20 20 20 20 20 20 20 25 
40 14.9118246 7.69324513 6.44544143 6.29744932 6.2939505 6.40207998 7.31205144 12.5132342 30 
40 12.4114715 3.65250872 2.09408117 1.90733454 1.90300431 2.04093386 3.1951812 9.67116362 30 
40 11.9126036 2.92108158 1.31584945 1.1232622 1.11882084 1.26142676 2.4544081 9.13563919 30 
40 11.8497221 2.83271698 1.22252272 1.0293282 1.02487661 1.16798377 2.36521421 9.0696988 30 
40 11.8497221 2.83271698 1.22252272 1.0293282 1.02487661 1.16798377 2.36521421 9.0696988 30 
40 11.9126036 2.92108158 1.31584945 1.1232622 1.11882084 1.26142676 2.4544081 9.13563919 30 
40 12.4114715 3.65250872 2.09408117 1.90733454 1.90300431 2.04093386 3.1951812 9.67116362 30 
40 14.9118246 7.69324513 6.44544143 6.29744932 6.2939505 6.40207998 7.31205144 12.5132342 30 
30 20 20 20 20 20 20 20 20 25 

0.004
30 20 20 20 20 20 20 20 20 25 
40 15.1163988 7.83561308 6.54847152 6.39201861 6.38821782 6.50246614 7.44067434 12.682537 30 
40 12.619782 3.75760716 2.14352926 1.94521912 1.94049453 2.08691342 3.28215952 9.83275762 30 
40 12.1079222 3.0013751 1.33682494 1.13204504 1.1271937 1.27879116 2.51580639 9.28216633 30 
40 12.0416836 2.90766874 1.23762598 1.03215497 1.02729164 1.17945944 2.42117869 9.21261637 30 
40 12.0416836 2.90766874 1.23762598 1.03215497 1.02729164 1.17945944 2.42117869 9.21261637 30 
40 12.1079222 3.0013751 1.33682494 1.13204504 1.1271937 1.27879116 2.51580639 9.28216633 30 
40 12.619782 3.75760716 2.14352926 1.94521912 1.94049453 2.08691342 3.28215952 9.83275762 30 
40 15.1163988 7.83561308 6.54847152 6.39201861 6.38821782 6.50246614 7.44067434 12.682537 30 
30 20 20 20 20 20 20 20 20 25 

0.0041
30 20 20 20 20 20 20 20 20 25 
40 15.3162968 7.97641333 6.65024427 6.48515695 6.4810389 6.60152555 7.56771899 12.8479698 30 
40 12.82481 3.86330587 2.19366932 1.98349123 1.97835019 2.133476 3.36963466 9.99191594 30 
40 12.3002337 3.08242033 1.3584977 1.14117717 1.13589218 1.29673324 2.57781709 9.42649148 30 
40 12.230589 2.98324552 1.25326369 1.03515994 1.02986097 1.19134827 2.47762215 9.35327133 30 
40 12.230589 2.98324552 1.25326369 1.03515994 1.02986097 1.19134827 2.47762215 9.35327133 30 
40 12.3002337 3.08242033 1.3584977 1.14117717 1.13589218 1.29673324 2.57781709 9.42649148 30 
40 12.82481 3.86330587 2.19366932 1.98349123 1.97835019 2.133476 3.36963466 9.99191594 30 
40 15.3162968 7.97641333 6.65024427 6.48515695 6.4810389 6.60152555 7.56771899 12.8479698 30 
30 20 20 20 20 20 20 20 20 25 

0.0042
30 20 20 20 20 20 20 20 20 25 
40 15.5116572 8.11565526 6.7507869 6.57689842 6.57244767 6.69928687 7.69320153 13.0096474 30 
40 13.0266159 3.96954677 2.24447794 2.02213512 2.01655517 2.1805994 3.45755856 10.1486803 30 
40 12.4896025 3.16417634 1.3808631 1.15066049 1.14491771 1.31524925 2.64040922 9.56866187 30 
40 12.4165061 3.05941089 1.26943481 1.03834816 1.03258915 1.20364998 2.53451785 9.49171432 30 
40 12.4165061 3.05941089 1.26943481 1.03834816 1.03258915 1.20364998 2.53451785 9.49171432 30 
40 12.4896025 3.16417634 1.3808631 1.15066049 1.14491771 1.31524925 2.64040922 9.56866187 30 
40 13.0266159 3.96954677 2.24447794 2.02213512 2.01655517 2.1805994 3.45755856 10.1486803 30 
40 15.5116572 8.11565526 6.7507869 6.57689842 6.57244767 6.69928687 7.69320153 13.0096474 30 
30 20 20 20 20 20 20 20 20 25 

0.0043
30 20 20 20 20 20 20 20 20 25 
40 15.7026136 8.25334896 6.85012574 6.66727618 6.66247717 6.79577788 7.8171384 13.1676803 30 
40 13.2252594 4.07627415 2.29593214 2.06113564 2.05509396 2.22826192 3.54588512 10.3030917 30 
40 12.6760914 3.24660352 1.40391607 1.16049671 1.15427154 1.33433504 2.70355273 9.70872343 30 
40 12.5995011 3.13612973 1.28613799 1.04172456 1.03548063 1.21636405 2.59184005 9.62799469 30 
40 12.5995011 3.13612973 1.28613799 1.04172456 1.03548063 1.21636405 2.59184005 9.62799469 30 
40 12.6760914 3.24660352 1.40391607 1.16049671 1.15427154 1.33433504 2.70355273 9.70872343 30 
40 13.2252594 4.07627415 2.29593214 2.06113564 2.05509396 2.22826192 3.54588512 10.3030917 30 
40 15.7026136 8.25334896 6.85012574 6.66727618 6.66247717 6.79577788 7.8171384 13.1676803 30 
30 20 20 20 20 20 20 20 20 25 

0.0044
30 20 20 20 20 20 20 20 20 25 
40 15.8892951 8.38950514 6.94828628 6.75632251 6.75115956 6.89102554 7.9395463 13.3221754 30 
40 13.4207988 4.18343462 2.34800937 2.1004782 2.09395167 2.27644236 3.63457016 10.455191 30 
40 12.8597614 3.32966349 1.42765113 1.17068732 1.16395474 1.35398614 2.76721846 9.84672088 30 
40 12.7796383 3.21336827 1.30337155 1.04529398 1.03853982 1.22948968 2.64956397 9.76216049 30 
40 12.7796383 3.21336827 1.30337155 1.04529398 1.03853982 1.22948968 2.64956397 9.76216049 30 
40 12.8597614 3.32966349 1.42765113 1.17068732 1.16395474 1.35398614 2.76721846 9.84672088 30 
40 13.4207988 4.18343462 2.34800937 2.1004782 2.09395167 2.27644236 3.63457016 10.455191 30 
40 15.8892951 8.38950514 6.94828628 6.75632251 6.75115956 6.89102554 7.9395463 13.3221754 30 
30 20 20 20 20 20 20 20 20 25 

0.0045
30 20 20 20 20 20 20 20 20 25 
40 16.0718264 8.52413509 7.0452932 6.84406885 6.83852617 6.985056 8.06044215 13.4732358 30 
40 13.6132917 4.29097701 2.4006875 2.14014878 2.13311395 2.32512 3.72357133 10.605018 30 
40 13.040672 3.41331911 1.4520624 1.18123361 1.1739682 1.37419775 2.83137813 9.98269775 30 
40 12.9569804 3.29109395 1.32113354 1.04906115 1.04177101 1.24302589 2.70766573 9.89425852 30 
40 12.9569804 3.29109395 1.32113354 1.04906115 1.04177101 1.24302589 2.70766573 9.89425852 30 
40 13.040672 3.41331911 1.4520624 1.18123361 1.1739682 1.37419775 2.83137813 9.98269775 30 
40 13.6132917 4.29097701 2.4006875 2.14014878 2.13311395 2.32512 3.72357133 10.605018 30 
40 16.0718264 8.52413509 7.0452932 6.84406885 6.83852617 6.985056 8.06044215 13.4732358 30 
30 20 20 20 20 20 20 20 20 25 

0.0046
30 20 20 20 20 20 20 20 20 25 
40 16.2503276 8.65725066 7.14117039 6.93054578 6.92460752 7.07789464 8.1798431 13.6209609 30 
40 13.8027948 4.39885226 2.45394481 2.18013387 2.17256702 2.37427459 3.81284806 10.7526123 30 
40 13.218881 3.4975344 1.47714364 1.19213667 1.18431264 1.39496476 2.89600433 10.1166964 30 
40 13.1315887 3.36927547 1.33942171 1.05303069 1.04517843 1.25697146 2.76612239 10.0243344 30 
40 13.1315887 3.36927547 1.33942171 1.05303069 1.04517843 1.25697146 2.76612239 10.0243344 30 
40 13.218881 3.4975344 1.47714364 1.19213667 1.18431264 1.39496476 2.89600433 10.1166964 30 
40 13.8027948 4.39885226 2.45394481 2.18013387 2.17256702 2.37427459 3.81284806 10.7526123 30 
40 16.2503276 8.65725066 7.14117039 6.93054578 6.92460752 7.07789464 8.1798431 13.6209609 30 
30 20 20 20 20 20 20 20 20 25 

0.0047
30 20 20 20 20 20 20 20 20 25 
40 16.4249149 8.78886413 7.23594098 7.01578307 7.00943329 7.16956611 8.29776641 13.765447 30 
40 13.9893636 4.50701342 2.50776002 2.22042046 2.21229763 2.42388635 3.90236148 10.8980129 30 
40 13.3944449 3.58227454 1.50288827 1.20339741 1.1949886 1.4162818 2.96107047 10.248758 30 
40 13.3035226 3.44788265 1.35823355 1.05720714 1.04876622 1.27132497 2.82491182 10.1524326 30 
40 13.3035226 3.44788265 1.35823355 1.05720714 1.04876622 1.27132497 2.82491182 10.1524326 30 
40 13.3944449 3.58227454 1.50288827 1.20339741 1.1949886 1.4162818 2.96107047 10.248758 30 
40 13.9893636 4.50701342 2.50776002 2.22042046 2.21229763 2.42388635 3.90236148 10.8980129 30 
40 16.4249149 8.78886413 7.23594098 7.01578307 7.00943329 7.16956611 8.29776641 13.765447 30 
30 20 20 20 20 20 20 20 20 25 

0.0048
30 20 20 20 20 20 20 20 20 25 
40 16.5957006 8.91898826 7.32962742 7.09980969 7.09303243 7.26009432 8.4142295 13.906787 30 
40 14.1730528 4.6154155 2.56211225 2.26099602 2.25229301 2.47393597 3.99207439 11.041258 30 
40 13.5674187 3.66750586 1.5292894 1.21501656 1.20599649 1.43814323 3.02655079 10.3789229 30 
40 13.4728402 3.52688648 1.37756633 1.0615949 1.05253844 1.28608482 2.88401274 10.2785963 30 
40 13.4728402 3.52688648 1.37756633 1.0615949 1.05253844 1.28608482 2.88401274 10.2785963 30 
40 13.5674187 3.66750586 1.5292894 1.21501656 1.20599649 1.43814323 3.02655079 10.3789229 30 
40 14.1730528 4.6154155 2.56211225 2.26099602 2.25229301 2.47393597 3.99207439 11.041258 30 
40 16.5957006 8.91898826 7.32962742 7.09980969 7.09303243 7.26009432 8.4142295 13.906787 30 
30 20 20 20 20 20 20 20 20 25 

0.0049
30 20 20 20 20 20 20 20 20 25 
40 16.762793 9.04763616 7.42225142 7.18265386 7.1754331 7.34950253 8.52924988 14.0450704 30 
40 14.3539161 4.72401548 2.61698105 2.30184849 2.2925409 2.52440458 4.08195115 11.1823855 30 
40 13.737856 3.75319572 1.55633983 1.22699467 1.21733654 1.46054318 3.09242029 10.50723 30 
40 13.639598 3.60625901 1.39741705 1.06619827 1.05649905 1.30124922 2.94340468 10.4028677 30 
40 13.639598 3.60625901 1.39741705 1.06619827 1.05649905 1.30124922 2.94340468 10.4028677 30 
40 13.737856 3.75319572 1.55633983 1.22699467 1.21733654 1.46054318 3.09242029 10.50723 30 
40 14.3539161 4.72401548 2.61698105 2.30184849 2.2925409 2.52440458 4.08195115 11.1823855 30 
40 16.762793 9.04763616 7.42225142 7.18265386 7.1754331 7.34950253 8.52924988 14.0450704 30 
30 20 20 20 20 20 20 20 20 25 

0.005
30 20 20 20 20 20 20 20 20 25 
40 16.9262968 9.17482132 7.51383408 7.26434304 7.25666275 7.4378133 8.64284512 14.1803839 30 
40 14.5320061 4.83277215 2.67234636 2.34296626 2.33302949 2.57527378 4.17195771 11.3214326 30 
40 13.9058088 3.8393126 1.58403212 1.23933211 1.22900885 1.48347556 3.15865477 10.6337175 30 
40 13.8038512 3.68597334 1.41778251 1.07102143 1.06065192 1.31681621 3.00306791 10.5252881 30 
40 13.8038512 3.68597334 1.41778251 1.07102143 1.06065192 1.31681621 3.00306791 10.5252881 30 
40 13.9058088 3.8393126 1.58403212 1.23933211 1.22900885 1.48347556 3.15865477 10.6337175 30 
40 14.5320061 4.83277215 2.67234636 2.34296626 2.33302949 2.57527378 4.17195771 11.3214326 30 
40 16.9262968 9.17482132 7.51383408 7.26434304 7.25666275 7.4378133 8.64284512 14.1803839 30 
30 20 20 20 20 20 20 20 20 25 

0.0051
30 20 20 20 20 20 20 20 20 25 
40 17.0863132 9.30055749 7.60439582 7.34490395 7.3367481 7.52504859 8.75503287 14.3128113 30 
40 14.7073746 4.94164612 2.72818855 2.38433812 2.37374743 2.62652559 4.26206146 11.4584359 30 
40 14.0713282 3.92582596 1.61235857 1.25202911 1.24101339 1.50693408 3.22523076 10.7584226 30 
40 13.9656535 3.76600361 1.4386593 1.07606845 1.06500083 1.33278368 3.06298346 10.6458973 30 
40 13.9656535 3.76600361 1.4386593 1.07606845 1.06500083 1.33278368 3.06298346 10.6458973 30 
40 14.0713282 3.92582596 1.61235857 1.25202911 1.24101339 1.50693408 3.22523076 10.7584226 30 
40 14.7073746 4.94164612 2.72818855 2.38433812 2.37374743 2.62652559 4.26206146 11.4584359 30 
40 17.0863132 9.30055749 7.60439582 7.34490395 7.3367481 7.52504859 8.75503287 14.3128113 30 
30 20 20 20 20 20 20 20 20 25 

0.0052
30 20 20 20 20 20 20 20 20 25 
40 17.24294 9.42485875 7.69395649 7.42436261 7.41571517 7.61122971 8.86583077 14.4424336 30 
40 14.8800725 5.05059975 2.78448839 2.42595328 2.41468378 2.67814248 4.35223126 11.5934314 30 
40 14.2344636 4.01270628 1.64131126 1.26508573 1.25334997 1.53091225 3.29212555 10.8813813 30 
40 14.1250572 3.84632489 1.46004383 1.08134329 1.06954946 1.34914935 3.12313308 10.7647344 30 
40 14.1250572 3.84632489 1.46004383 1.08134329 1.06954946 1.34914935 3.12313308 10.7647344 30 
40 14.2344636 4.01270628 1.64131126 1.26508573 1.25334997 1.53091225 3.29212555 10.8813813 30 
40 14.8800725 5.05059975 2.78448839 2.42595328 2.41468378 2.67814248 4.35223126 11.5934314 30 
40 17.24294 9.42485875 7.69395649 7.42436261 7.41571517 7.61122971 8.86583077 14.4424336 30 
30 20 20 20 20 20 20 20 20 25 

0.0053
30 20 20 20 20 20 20 20 20 25 
40 17.3962717 9.54773936 7.78253533 7.50274436 7.49358933 7.69637741 8.97525648 14.5693288 30 
40 15.0501496 5.15959701 2.84122706 2.46780136 2.45582804 2.73010735 4.44243731 11.7264546 30 
40 14.3952634 4.09992503 1.67088205 1.27850188 1.26601828 1.55540343 3.3593171 11.002629 30 
40 14.2821134 3.92691321 1.48193231 1.08684978 1.0743014 1.36591082 3.18349918 10.8818375 30 
40 14.2821134 3.92691321 1.48193231 1.08684978 1.0743014 1.36591082 3.18349918 10.8818375 30 
40 14.3952634 4.09992503 1.67088205 1.27850188 1.26601828 1.55540343 3.3593171 11.002629 30 
40 15.0501496 5.15959701 2.84122706 2.46780136 2.45582804 2.73010735 4.44243731 11.7264546 30 
40 17.3962717 9.54773936 7.78253533 7.50274436 7.49358933 7.69637741 8.97525648 14.5693288 30 
30 20 20 20 20 20 20 20 20 25 

0.0054
30 20 20 20 20 20 20 20 20 25 
40 17.5463997 9.66921382 7.87015102 7.58007384 7.57039525 7.78051184 9.08332766 14.6935728 30 
40 15.217655 5.26860354 2.89838614 2.50987232 2.49717008 2.78240352 4.53265117 11.8575404 30 
40 14.5537748 4.18745458 1.70106263 1.29227732 1.2790179 1.58040083 3.42678411 11.1221999 30 
40 14.4368718 4.00774552 1.50432079 1.09259164 1.07926015 1.38306554 3.24406486 10.9972437 30 
40 14.4368718 4.00774552 1.50432079 1.09259164 1.07926015 1.38306554 3.24406486 10.9972437 30 
40 14.5537748 4.18745458 1.70106263 1.29227732 1.2790179 1.58040083 3.42678411 11.1221999 30 
40 15.217655 5.26860354 2.89838614 2.50987232 2.49717008 2.78240352 4.53265117 11.8575404 30 
40 17.5463997 9.66921382 7.87015102 7.58007384 7.57039525 7.78051184 9.08332766 14.6935728 30 
30 20 20 20 20 20 20 20 20 25 

0.0055
30 20 20 20 20 20 20 20 20 25 
40 17.6934124 9.78929681 7.95682172 7.65637507 7.646157 7.86365263 9.19006191 14.8152386 30 
40 15.3826365 5.3775865 2.95594759 2.5521565 2.53870017 2.83501471 4.62284568 11.986723 30 
40 14.7100436 4.27526826 1.73184452 1.30641168 1.29234827 1.60589751 3.49450591 11.2401276 30 
40 14.5893808 4.08879963 1.52720516 1.09857247 1.08442909 1.40061083 3.30481385 11.110989 30 
40 14.5893808 4.08879963 1.52720516 1.09857247 1.08442909 1.40061083 3.30481385 11.110989 30 
40 14.7100436 4.27526826 1.73184452 1.30641168 1.29234827 1.60589751 3.49450591 11.2401276 30 
40 15.3826365 5.3775865 2.95594759 2.5521565 2.53870017 2.83501471 4.62284568 11.986723 30 
40 17.6934124 9.78929681 7.95682172 7.65637507 7.646157 7.86365263 9.19006191 14.8152386 30 
30 20 20 20 20 20 20 20 20 25 

0.0056
30 20 20 20 20 20 20 20 20 25 
40 17.8373953 9.90800315 8.04256504 7.73167142 7.720898 7.94581886 9.2954768 14.9343969 30 
40 15.5451415 5.48651453 3.01389378 2.59464458 2.58040892 2.88792509 4.71299491 12.1140362 30 
40 14.8641147 4.36334028 1.76321906 1.32090443 1.30600872 1.6318864 3.56246252 11.3564447 30 
40 14.7396878 4.17005418 1.55058117 1.10479576 1.08981154 1.41854391 3.36573049 11.2231088 30 
40 14.7396878 4.17005418 1.55058117 1.10479576 1.08981154 1.41854391 3.36573049 11.2231088 30 
40 14.8641147 4.36334028 1.76321906 1.32090443 1.30600872 1.6318864 3.56246252 11.3564447 30 
40 15.5451415 5.48651453 3.01389378 2.59464458 2.58040892 2.88792509 4.71299491 12.1140362 30 
40 17.8373953 9.90800315 8.04256504 7.73167142 7.720898 7.94581886 9.2954768 14.9343969 30 
30 20 20 20 20 20 20 20 20 25 

0.0057
30 20 20 20 20 20 20 20 20 25 
40 17.9784309 10.0253478 8.12739813 7.80598564 7.79464107 8.02702911 9.39958984 15.0511161 30 
40 15.7052161 5.59535774 3.07220746 2.63732759 2.62228733 2.94111917 4.80307412 12.2395131 30 
40 15.0160318 4.45164569 1.7951775 1.33575493 1.31999849 1.65836035 3.63063459 11.471183 30 
40 14.8878389 4.25148865 1.57444443 1.11126486 1.09541067 1.43686187 3.42679972 11.3336373 30 
40 14.8878389 4.25148865 1.57444443 1.11126486 1.09541067 1.43686187 3.42679972 11.3336373 30 
40 15.0160318 4.45164569 1.7951775 1.33575493 1.31999849 1.65836035 3.63063459 11.471183 30 
40 15.7052161 5.59535774 3.07220746 2.63732759 2.62228733 2.94111917 4.80307412 12.2395131 30 
40 17.9784309 10.0253478 8.12739813 7.80598564 7.79464107 8.02702911 9.39958984 15.0511161 30 
30 20 20 20 20 20 20 20 20 25 

0.0058
30 20 20 20 20 20 20 20 20 25 
40 18.1165993 10.1413457 8.21133761 7.87933988 7.86740845 8.10730144 9.50241844 15.1654625 30 
40 15.8629057 5.7040876 3.13087177 2.68019684 2.6643267 2.99458192 4.89305972 12.3631863 30 
40 15.1658375 4.54016042 1.82771092 1.35096242 1.33431668 1.68531208 3.69900338 11.5843735 30 
40 15.0338789 4.33308328 1.59879041 1.11798301 1.10122961 1.45556173 3.48800707 11.442608 30 
40 15.0338789 4.33308328 1.59879041 1.11798301 1.10122961 1.45556173 3.48800707 11.442608 30 
40 15.1658375 4.54016042 1.82771092 1.35096242 1.33431668 1.68531208 3.69900338 11.5843735 30 
40 15.8629057 5.7040876 3.13087177 2.68019684 2.6643267 2.99458192 4.89305972 12.3631863 30 
40 18.1165993 10.1413457 8.21133761 7.87933988 7.86740845 8.10730144 9.50241844 15.1654625 30 
30 20 20 20 20 20 20 20 20 25 

0.0059
30 20 20 20 20 20 20 20 20 25 
40 18.2519778 10.2560121 8.29439968 7.95175572 7.93922179 8.18665347 9.60397994 15.2775001 30 
40 16.0182547 5.81267693 3.18987023 2.72324397 2.70651867 3.04829864 4.98292924 12.4850879 30 
40 15.3135735 4.6288612 1.86081034 1.36652599 1.34896232 1.71273423 3.76755076 11.6960465 30 
40 15.1778518 4.41481908 1.62361447 1.12495335 1.10727133 1.47464036 3.54933859 11.5500535 30 
40 15.1778518 4.41481908 1.62361447 1.12495335 1.10727133 1.47464036 3.54933859 11.5500535 30 
40 15.3135735 4.6288612 1.86081034 1.36652599 1.34896232 1.71273423 3.76755076 11.6960465 30 
40 16.0182547 5.81267693 3.18987023 2.72324397 2.70651867 3.04829864 4.98292924 12.4850879 30 
40 18.2519778 10.2560121 8.29439968 7.95175572 7.93922179 8.18665347 9.60397994 15.2775001 30 
30 20 20 20 20 20 20 20 20 25 

0.006
30 20 20 20 20 20 20 20 20 25 
40 18.3846414 10.3693622 8.37660007 8.02325414 8.0101022 8.26510234 9.70429157 15.3872907 30 
40 16.1713068 5.92109983 3.24918673 2.76646092 2.74885519 3.10225505 5.07266124 12.6052491 30 
40 15.4592802 4.71772555 1.89446664 1.38244465 1.36393433 1.74061938 3.83625922 11.8062316 30 
40 15.3198001 4.49667778 1.64891186 1.13217886 1.11353875 1.49409459 3.61078088 11.6560058 30 
40 15.3198001 4.49667778 1.64891186 1.13217886 1.11353875 1.49409459 3.61078088 11.6560058 30 
40 15.4592802 4.71772555 1.89446664 1.38244465 1.36393433 1.74061938 3.83625922 11.8062316 30 
40 16.1713068 5.92109983 3.24918673 2.76646092 2.74885519 3.10225505 5.07266124 12.6052491 30 
40 18.3846414 10.3693622 8.37660007 8.02325414 8.0101022 8.26510234 9.70429157 15.3872907 30 
30 20 20 20 20 20 20 20 20 25 

0.0061
30 20 20 20 20 20 20 20 20 25 
40 18.5146624 10.4814111 8.4579541 8.09385561 8.08007023 8.34266473 9.80337045 15.4948945 30 
40 16.3221047 6.02933165 3.30880553 2.80983989 2.79132851 3.15643723 5.16223534 12.723701 30 
40 15.6029973 4.80673177 1.92867066 1.39871728 1.37923154 1.76896004 3.90511178 11.9149575 30 
40 15.4597657 4.57864182 1.67467774 1.13966245 1.12003467 1.51392114 3.67232105 11.7604957 30 
40 15.4597657 4.57864182 1.67467774 1.13966245 1.12003467 1.51392114 3.67232105 11.7604957 30 
40 15.6029973 4.80673177 1.92867066 1.39871728 1.37923154 1.76896004 3.90511178 11.9149575 30 
40 16.3221047 6.02933165 3.30880553 2.80983989 2.79132851 3.15643723 5.16223534 12.723701 30 
40 18.5146624 10.4814111 8.4579541 8.09385561 8.08007023 8.34266473 9.80337045 15.4948945 30 
30 20 20 20 20 20 20 20 20 25 

0.0062
30 20 20 20 20 20 20 20 20 25 
40 18.6421111 10.5921742 8.53847666 8.16358003 8.14914591 8.41935692 9.90123357 15.6003694 30 
40 16.4706904 6.13734892 3.36871128 2.85337336 2.83393116 3.21083163 5.25163213 12.8404738 30 
40 15.7447635 4.89585891 1.96341316 1.41534263 1.39485268 1.79774865 3.97409205 12.0222523 30 
40 15.5977891 4.66069432 1.70090715 1.14740687 1.12676178 1.53411667 3.7339467 11.8635536 30 
40 15.5977891 4.66069432 1.70090715 1.14740687 1.12676178 1.53411667 3.7339467 11.8635536 30 
40 15.7447635 4.89585891 1.96341316 1.41534263 1.39485268 1.79774865 3.97409205 12.0222523 30 
40 16.4706904 6.13734892 3.36871128 2.85337336 2.83393116 3.21083163 5.25163213 12.8404738 30 
40 18.6421111 10.5921742 8.53847666 8.16358003 8.14914591 8.41935692 9.90123357 15.6003694 30 
30 20 20 20 20 20 20 20 20 25 

0.0063
30 20 20 20 20 20 20 20 20 25 
40 18.7670553 10.7016666 8.61818225 8.23244679 8.21734875 8.49519476 9.99789782 15.7037717 30 
40 16.6171051 6.24512931 3.42888895 2.89705408 2.87665595 3.26542505 5.34083315 12.9555974 30 
40 15.8846163 4.98508676 1.99868483 1.43231939 1.41079641 1.82697764 4.04318417 12.1281434 30 
40 15.73391 4.74281904 1.72759508 1.15541478 1.13372269 1.55467774 3.79564592 11.965209 30 
40 15.73391 4.74281904 1.72759508 1.15541478 1.13372269 1.55467774 3.79564592 11.965209 30 
40 15.8846163 4.98508676 1.99868483 1.43231939 1.41079641 1.82697764 4.04318417 12.1281434 30 
40 16.6171051 6.24512931 3.42888895 2.89705408 2.87665595 3.26542505 5.34083315 12.9555974 30 
40 18.7670553 10.7016666 8.61818225 8.23244679 8.21734875 8.49519476 9.99789782 15.7037717 30 
30 20 20 20 20 20 20 20 20 25 

0.0064
30 20 20 20 20 20 20 20 20 25 
40 18.8895608 10.8099036 8.69708498 8.30047476 8.28469778 8.57019368 10.0933799 15.8051558 30 
40 16.7613889 6.35265161 3.48932389 2.94087503 2.91949595 3.32020466 5.42982087 13.069101 30 
40 16.0225927 5.07439578 2.03447634 1.44964611 1.42706131 1.85663937 4.1123728 12.2326575 30 
40 15.8681671 4.82500039 1.75473642 1.16368871 1.1409199 1.57560087 3.85740726 12.0654906 30 
40 15.8681671 4.82500039 1.75473642 1.16368871 1.1409199 1.57560087 3.85740726 12.0654906 30 
40 16.0225927 5.07439578 2.03447634 1.44964611 1.42706131 1.85663937 4.1123728 12.2326575 30 
40 16.7613889 6.35265161 3.48932389 2.94087503 2.91949595 3.32020466 5.42982087 13.069101 30 
40 18.8895608 10.8099036 8.69708498 8.30047476 8.28469778 8.57019368 10.0933799 15.8051558 30 
30 20 20 20 20 20 20 20 20 25 

0.0065
30 20 20 20 20 20 20 20 20 25 
40 19.0096913 10.9169004 8.7751986 8.36768235 8.35121151 8.64436876 10.1876964 15.9045744 30 
40 16.9035814 6.45989567 3.55000182 2.98482943 2.9624445 3.37515797 5.51857862 13.1810133 30 
40 16.1587285 5.16376716 2.07077831 1.46732128 1.44364588 1.88672619 4.18164314 12.3358209 30 
40 16.000598 4.90722337 1.78232598 1.17223107 1.14835581 1.59688251 3.91921968 12.1644266 30 
40 16.000598 4.90722337 1.78232598 1.17223107 1.14835581 1.59688251 3.91921968 12.1644266 30 
40 16.1587285 5.16376716 2.07077831 1.46732128 1.44364588 1.88672619 4.18164314 12.3358209 30 
40 16.9035814 6.45989567 3.55000182 2.98482943 2.9624445 3.37515797 5.51857862 13.1810133 30 
40 19.0096913 10.9169004 8.7751986 8.36768235 8.35121151 8.64436876 10.1876964 15.9045744 30 
30 20 20 20 20 20 20 20 20 25 

0.0066
30 20 20 20 20 20 20 20 20 25 
40 19.1275085 11.0226722 8.8525365 8.43408745 8.416908 8.71773467 10.2808638 16.0020785 30 
40 17.0437213 6.56684235 3.61090876 3.02891075 3.00549517 3.43027284 5.60709058 13.2913625 30 
40 16.2930588 5.25318273 2.10758134 1.48534328 1.46054852 1.91723044 4.25098087 12.4376589 30 
40 16.1312396 4.98947358 1.81035853 1.18104417 1.15603273 1.61851905 3.98107261 12.2620442 30 
40 16.1312396 4.98947358 1.81035853 1.18104417 1.15603273 1.61851905 3.98107261 12.2620442 30 
40 16.2930588 5.25318273 2.10758134 1.48534328 1.46054852 1.91723044 4.25098087 12.4376589 30 
40 17.0437213 6.56684235 3.61090876 3.02891075 3.00549517 3.43027284 5.60709058 13.2913625 30 
40 19.1275085 11.0226722 8.8525365 8.43408745 8.416908 8.71773467 10.2808638 16.0020785 30 
30 20 20 20 20 20 20 20 20 25 

0.0067
30 20 20 20 20 20 20 20 20 25 
40 19.2430721 11.1272342 8.92911173 8.49970751 8.48180486 8.79030573 10.3728983 16.0977176 30 
40 17.1818465 6.6734735 3.67203112 3.07311267 3.04864176 3.48553743 5.69534176 13.4001763 30 
40 16.4256179 5.34262498 2.14487602 1.50371039 1.47776759 1.94814443 4.32037216 12.5381964 30 
40 16.2601277 5.07173718 1.83882876 1.19013019 1.16395286 1.64050684 4.04295588 12.3583702 30 
40 16.2601277 5.07173718 1.83882876 1.19013019 1.16395286 1.64050684 4.04295588 12.3583702 30 
40 16.4256179 5.34262498 2.14487602 1.50371039 1.47776759 1.94814443 4.32037216 12.5381964 30 
40 17.1818465 6.6734735 3.67203112 3.07311267 3.04864176 3.48553743 5.69534176 13.4001763 30 
40 19.2430721 11.1272342 8.92911173 8.49970751 8.48180486 8.79030573 10.3728983 16.0977176 30 
30 20 20 20 20 20 20 20 20 25 

0.0068
30 20 20 20 20 20 20 20 20 25 
40 19.35644 11.2306014 9.00493699 8.5645595 8.54591921 8.8620959 10.463816 16.1915397 30 
40 17.3179943 6.77977193 3.73335562 3.11742907 3.09187832 3.54094027 5.78331793 13.5074818 30 
40 16.5564392 5.43207703 2.18265293 1.52242084 1.49530138 1.97946049 4.38980365 12.6374577 30 
40 16.3872974 5.15400088 1.86773133 1.19949121 1.17211832 1.66284216 4.10485969 12.4534306 30 
40 16.3872974 5.15400088 1.86773133 1.19949121 1.17211832 1.66284216 4.10485969 12.4534306 30 
40 16.5564392 5.43207703 2.18265293 1.52242084 1.49530138 1.97946049 4.38980365 12.6374577 30 
40 17.3179943 6.77977193 3.73335562 3.11742907 3.09187832 3.54094027 5.78331793 13.5074818 30 
40 19.35644 11.2306014 9.00493699 8.5645595 8.54591921 8.8620959 10.463816 16.1915397 30 
30 20 20 20 20 20 20 20 20 25 

0.0069
30 20 20 20 20 20 20 20 20 25 
40 19.4676683 11.3327889 9.08002467 8.62865997 8.60926778 8.93311882 10.5536329 16.2835911 30 
40 17.452201 6.88572134 3.7948693 3.16185405 3.13519909 3.59647019 5.87100563 13.6133057 30 
40 16.6855553 5.5215226 2.22090266 1.54147275 1.51314811 2.01117095 4.45926247 12.7354666 30 
40 16.5127829 5.23625191 1.89706084 1.20912918 1.18053112 1.68552128 4.16677466 12.5472508 30 
40 16.5127829 5.23625191 1.89706084 1.20912918 1.18053112 1.68552128 4.16677466 12.5472508 30 
40 16.6855553 5.5215226 2.22090266 1.54147275 1.51314811 2.01117095 4.45926247 12.7354666 30 
40 17.452201 6.88572134 3.7948693 3.16185405 3.13519909 3.59647019 5.87100563 13.6133057 30 
40 19.4676683 11.3327889 9.08002467 8.62865997 8.60926778 8.93311882 10.5536329 16.2835911 30 
30 20 20 20 20 20 20 20 20 25 

0.007
30 20 20 20 20 20 20 20 20 25 
40 19.5768115 11.4338114 9.15438687 8.69202504 8.67186685 9.00338778 10.6423647 16.3739168 30 
40 17.5845024 6.9913063 3.85655956 3.2063819 3.17859852 3.65211632 5.95839212 13.7176741 30 
40 16.8129981 5.61094601 2.25961581 1.56086418 1.53130592 2.04326813 4.52873615 12.8322461 30 
40 16.6366175 5.31847802 1.92681185 1.21904595 1.18919317 1.70854041 4.22869177 12.6398557 30 
40 16.6366175 5.31847802 1.92681185 1.21904595 1.18919317 1.70854041 4.22869177 12.6398557 30 
40 16.8129981 5.61094601 2.25961581 1.56086418 1.53130592 2.04326813 4.52873615 12.8322461 30 
40 17.5845024 6.9913063 3.85655956 3.2063819 3.17859852 3.65211632 5.95839212 13.7176741 30 
40 19.5768115 11.4338114 9.15438687 8.69202504 8.67186685 9.00338778 10.6423647 16.3739168 30 
30 20 20 20 20 20 20 20 20 25 

0.0071
30 20 20 20 20 20 20 20 20 25 
40 19.6839222 11.533684 9.22803535 8.75467039 8.73373229 9.07291575 10.7300271 16.4625605 30 
40 17.7149335 7.09651224 3.91841408 3.2510071 3.22207129 3.70786814 6.04546534 13.8206127 30 
40 16.9387989 5.70033215 2.29878299 1.58059311 1.54977293 2.07574439 4.59821268 12.9278189 30 
40 16.7588337 5.40066743 1.9569789 1.22924326 1.1981063 1.73189573 4.29060234 12.7312694 30 
40 16.7588337 5.40066743 1.9569789 1.22924326 1.1981063 1.73189573 4.29060234 12.7312694 30 
40 16.9387989 5.70033215 2.29878299 1.58059311 1.54977293 2.07574439 4.59821268 12.9278189 30 
40 17.7149335 7.09651224 3.91841408 3.2510071 3.22207129 3.70786814 6.04546534 13.8206127 30 
40 19.6839222 11.533684 9.22803535 8.75467039 8.73373229 9.07291575 10.7300271 16.4625605 30 
30 20 20 20 20 20 20 20 20 25 

0.0072
30 20 20 20 20 20 20 20 20 25 
40 19.7890515 11.6324214 9.30098163 8.81661133 8.79487957 9.14171539 10.8166354 16.5495645 30 
40 17.8435285 7.20132539 3.9804209 3.2957243 3.26561225 3.76371538 6.13221394 13.9221466 30 
40 17.0629879 5.78966648 2.33839486 1.60065745 1.56854716 2.10859211 4.66768048 13.0222071 30 
40 16.8794634 5.48280886 1.98755647 1.23972275 1.20727223 1.75558339 4.35249805 12.8215156 30 
40 16.8794634 5.48280886 1.98755647 1.23972275 1.20727223 1.75558339 4.35249805 12.8215156 30 
40 17.0629879 5.78966648 2.33839486 1.60065745 1.56854716 2.10859211 4.66768048 13.0222071 30 
40 17.8435285 7.20132539 3.9804209 3.2957243 3.26561225 3.76371538 6.13221394 13.9221466 30 
40 19.7890515 11.6324214 9.30098163 8.81661133 8.79487957 9.14171539 10.8166354 16.5495645 30 
30 20 20 20 20 20 20 20 20 25 

0.0073
30 20 20 20 20 20 20 20 20 25 
40 19.8922489 11.7300381 9.3732369 8.87786273 8.85532378 9.20979908 10.9022049 16.6349697 30 
40 17.970321 7.30573275 4.04256832 3.34052835 3.30921642 3.8196481 6.21862716 14.0223006 30 
40 17.185595 5.87893499 2.37844208 1.62105504 1.58762661 2.14180369 4.73712838 13.1154323 30 
40 16.9985374 5.56489145 2.01853904 1.25048593 1.2166926 1.77959951 4.4143709 12.9106172 30 
40 16.9985374 5.56489145 2.01853904 1.25048593 1.2166926 1.77959951 4.4143709 12.9106172 30 
40 17.185595 5.87893499 2.37844208 1.62105504 1.58762661 2.14180369 4.73712838 13.1154323 30 
40 17.970321 7.30573275 4.04256832 3.34052835 3.30921642 3.8196481 6.21862716 14.0223006 30 
40 19.8922489 11.7300381 9.3732369 8.87786273 8.85532378 9.20979908 10.9022049 16.6349697 30 
30 20 20 20 20 20 20 20 20 25 

0.0074
30 20 20 20 20 20 20 20 20 25 
40 19.9935625 11.8265488 9.44481211 8.93843911 8.91507961 9.27717888 10.9867507 16.718816 30 
40 18.0953439 7.40972206 4.10484499 3.38541424 3.35287903 3.87565664 6.30469489 14.1210989 30 
40 17.3066491 5.9681242 2.41891537 1.64178367 1.60700923 2.17537157 4.80654558 13.2075154 30 
40 17.1160862 5.64690483 2.04992106 1.26153422 1.22636894 1.8039402 4.47621323 12.9985967 30 
40 17.1160862 5.64690483 2.04992106 1.26153422 1.22636894 1.8039402 4.47621323 12.9985967 30 
40 17.3066491 5.9681242 2.41891537 1.64178367 1.60700923 2.17537157 4.80654558 13.2075154 30 
40 18.0953439 7.40972206 4.10484499 3.38541424 3.35287903 3.87565664 6.30469489 14.1210989 30 
40 19.9935625 11.8265488 9.44481211 8.93843911 8.91507961 9.27717888 10.9867507 16.718816 30 
30 20 20 20 20 20 20 20 20 25 

0.0075
30 20 20 20 20 20 20 20 20 25 
40 20.093039 11.9219678 9.51571796 8.9983546 8.97416139 9.3438666 11.0702876 16.8011419 30 
40 18.2186295 7.5132818 4.16723983 3.43037714 3.39659547 3.93173162 6.39040761 14.2185652 30 
40 17.4261787 6.05722115 2.45980549 1.66284106 1.62669289 2.20928823 4.87592171 13.2984772 30 
40 17.2321391 5.728839 2.08169697 1.27286893 1.23630271 1.82860153 4.53801765 13.0854761 30 
40 17.2321391 5.728839 2.08169697 1.27286893 1.23630271 1.82860153 4.53801765 13.0854761 30 
40 17.4261787 6.05722115 2.45980549 1.66284106 1.62669289 2.20928823 4.87592171 13.2984772 30 
40 18.2186295 7.5132818 4.16723983 3.43037714 3.39659547 3.93173162 6.39040761 14.2185652 30 
40 20.093039 11.9219678 9.51571796 8.9983546 8.97416139 9.3438666 11.0702876 16.8011419 30 
30 20 20 20 20 20 20 20 20 25 

0.0076
30 20 20 20 20 20 20 20 20 25 
40 20.1907234 12.0163095 9.58596486 9.05762298 9.03258311 9.40987374 11.1528302 16.8819847 30 
40 18.3402093 7.61640111 4.22974206 3.47541236 3.44036128 3.98786393 6.47575637 14.3147228 30 
40 17.5442114 6.14621335 2.50110326 1.68422486 1.64667545 2.24354617 4.94524675 13.3883378 30 
40 17.3467251 5.8106844 2.1138612 1.28449127 1.24649526 1.85357957 4.59977712 13.1712767 30 
40 17.3467251 5.8106844 2.1138612 1.28449127 1.24649526 1.85357957 4.59977712 13.1712767 30 
40 17.5442114 6.14621335 2.50110326 1.68422486 1.64667545 2.24354617 4.94524675 13.3883378 30 
40 18.3402093 7.61640111 4.22974206 3.47541236 3.44036128 3.98786393 6.47575637 14.3147228 30 
40 20.1907234 12.0163095 9.58596486 9.05762298 9.03258311 9.40987374 11.1528302 16.8819847 30 
30 20 20 20 20 20 20 20 20 25 

0.0077
30 20 20 20 20 20 20 20 20 25 
40 20.2866596 12.109588 9.65556301 9.11625767 9.09035836 9.47521156 11.2343932 16.9613809 30 
40 18.4601143 7.71906981 4.29234119 3.52051538 3.48417218 4.04404475 6.56073275 14.4095947 30 
40 17.6607745 6.23508882 2.54279955 1.70593269 1.66695471 2.27813798 5.01451105 13.4771167 30 
40 17.4598723 5.89243186 2.14640815 1.29640234 1.25694787 1.87887037 4.66148483 13.2560196 30 
40 17.4598723 5.89243186 2.14640815 1.29640234 1.25694787 1.87887037 4.66148483 13.2560196 30 
40 17.6607745 6.23508882 2.54279955 1.70593269 1.66695471 2.27813798 5.01451105 13.4771167 30 
40 18.4601143 7.71906981 4.29234119 3.52051538 3.48417218 4.04404475 6.56073275 14.4095947 30 
40 20.2866596 12.109588 9.65556301 9.11625767 9.09035836 9.47521156 11.2343932 16.9613809 30 
30 20 20 20 20 20 20 20 20 25 

0.0078
30 20 20 20 20 20 20 20 20 25 
40 20.3808903 12.2018174 9.72452236 9.17427173 9.14750044 9.53989106 11.3149907 17.0393655 30 
40 18.5783748 7.82127834 4.35502702 3.5656818 3.52802402 4.10026551 6.64532888 14.5032032 30 
40 17.7758942 6.32383602 2.58488527 1.7279621 1.68752843 2.31305627 5.08370533 13.5648333 30 
40 17.5716082 5.9740726 2.17933224 1.30860316 1.2676617 1.90446996 4.7231343 13.339725 30 
40 17.5716082 5.9740726 2.17933224 1.30860316 1.2676617 1.90446996 4.7231343 13.339725 30 
40 17.7758942 6.32383602 2.58488527 1.7279621 1.68752843 2.31305627 5.08370533 13.5648333 30 
40 18.5783748 7.82127834 4.35502702 3.5656818 3.52802402 4.10026551 6.64532888 14.5032032 30 
40 20.3808903 12.2018174 9.72452236 9.17427173 9.14750044 9.53989106 11.3149907 17.0393655 30 
30 20 20 20 20 20 20 20 20 25 

0.0079
30 20 20 20 20 20 20 20 20 25 
40 20.4734566 12.2930116 9.79285263 9.23167791 9.20402229 9.60392299 11.3946369 17.1159728 30 
40 18.6950204 7.92301776 4.41778962 3.61090738 3.57191282 4.15651789 6.72953737 14.5955704 30 
40 17.8895967 6.41244389 2.62735144 1.7503106 1.70839433 2.34829371 5.15282065 13.6515063 30 
40 17.6819597 6.05559819 2.21262789 1.32109462 1.27863787 1.93037439 4.78471927 13.4224129 30 
40 17.6819597 6.05559819 2.21262789 1.32109462 1.27863787 1.93037439 4.78471927 13.4224129 30 
40 17.8895967 6.41244389 2.62735144 1.7503106 1.70839433 2.34829371 5.15282065 13.6515063 30 
40 18.6950204 7.92301776 4.41778962 3.61090738 3.57191282 4.15651789 6.72953737 14.5955704 30 
40 20.4734566 12.2930116 9.79285263 9.23167791 9.20402229 9.60392299 11.3946369 17.1159728 30 
30 20 20 20 20 20 20 20 20 25 

0.008
30 20 20 20 20 20 20 20 20 25 
40 20.5643986 12.3831844 9.86056331 9.28848861 9.25993654 9.66731784 11.4733458 17.191236 30 
40 18.8100803 8.0242797 4.48061933 3.65618799 3.61583473 4.21279384 6.81335134 14.6867177 30 
40 18.001907 6.50090177 2.6701891 1.77297566 1.72955011 2.38384304 5.22184839 13.7371541 30 
40 17.7909528 6.13700056 2.24628949 1.33387755 1.28987737 1.95657966 4.84623377 13.5041028 30 
40 17.7909528 6.13700056 2.24628949 1.33387755 1.28987737 1.95657966 4.84623377 13.5041028 30 
40 18.001907 6.50090177 2.6701891 1.77297566 1.72955011 2.38384304 5.22184839 13.7371541 30 
40 18.8100803 8.0242797 4.48061933 3.65618799 3.61583473 4.21279384 6.81335134 14.6867177 30 
40 20.5643986 12.3831844 9.86056331 9.28848861 9.25993654 9.66731784 11.4733458 17.191236 30 
30 20 20 20 20 20 20 20 20 25 

0.0081
30 20 20 20 20 20 20 20 20 25 
40 20.6537553 12.4723494 9.9276637 9.34471595 9.31525549 9.73008589 11.551131 17.2651872 30 
40 18.9235829 8.12505637 4.54350675 3.70151966 3.65978602 4.26908556 6.89676434 14.7766664 30 
40 18.1128501 6.58919947 2.7133894 1.79595468 1.75099341 2.41969704 5.29078028 13.8217946 30 
40 17.8986133 6.21827198 2.28031148 1.34695265 1.30138112 1.98308182 4.90767207 13.5848136 30 
40 17.8986133 6.21827198 2.28031148 1.34695265 1.30138112 1.98308182 4.90767207 13.5848136 30 
40 18.1128501 6.58919947 2.7133894 1.79595468 1.75099341 2.41969704 5.29078028 13.8217946 30 
40 18.9235829 8.12505637 4.54350675 3.70151966 3.65978602 4.26908556 6.89676434 14.7766664 30 
40 20.6537553 12.4723494 9.9276637 9.34471595 9.31525549 9.73008589 11.551131 17.2651872 30 
30 20 20 20 20 20 20 20 20 25 

0.0082
30 20 20 20 20 20 20 20 20 25 
40 20.7415644 12.5605202 9.99416288 9.4003717 9.36999115 9.79223717 11.6280061 17.3378577 30 
40 19.0355562 8.2253405 4.60644278 3.7468985 3.70376312 4.32538547 6.9797704 14.8654372 30 
40 18.2224501 6.67732717 2.75694354 1.81924504 1.77272186 2.45584857 5.35960835 13.9054454 30 
40 18.0049661 6.29940506 2.31468828 1.36032054 1.31314996 2.00987686 4.96902866 13.6645638 30 
40 18.0049661 6.29940506 2.31468828 1.36032054 1.31314996 2.00987686 4.96902866 13.6645638 30 
40 18.2224501 6.67732717 2.75694354 1.81924504 1.77272186 2.45584857 5.35960835 13.9054454 30 
40 19.0355562 8.2253405 4.60644278 3.7468985 3.70376312 4.32538547 6.9797704 14.8654372 30 
40 20.7415644 12.5605202 9.99416288 9.4003717 9.36999115 9.79223717 11.6280061 17.3378577 30 
30 20 20 20 20 20 20 20 20 25 

0.0083
30 20 20 20 20 20 20 20 20 25 
40 20.8278626 12.6477101 10.0600697 9.45546735 9.42415522 9.85378151 11.7039845 17.4092778 30 
40 19.1460275 8.32512535 4.66941852 3.79232079 3.74776257 4.38168624 7.06236395 14.9530505 30 
40 18.3307306 6.76527547 2.80084283 1.84284408 1.79473306 2.49229055 5.42832494 13.9881237 30 
40 18.1100357 6.38039273 2.34941432 1.37398176 1.32518466 2.03696083 5.03029829 13.7433717 30 
40 18.1100357 6.38039273 2.34941432 1.37398176 1.32518466 2.03696083 5.03029829 13.7433717 30 
40 18.3307306 6.76527547 2.80084283 1.84284408 1.79473306 2.49229055 5.42832494 13.9881237 30 
40 19.1460275 8.32512535 4.66941852 3.79232079 3.74776257 4.38168624 7.06236395 14.9530505 30 
40 20.8278626 12.6477101 10.0600697 9.45546735 9.42415522 9.85378151 11.7039845 17.4092778 30 
30 20 20 20 20 20 20 20 20 25 

0.0084
30 20 20 20 20 20 20 20 20 25 
40 20.9126855 12.7339323 10.1253929 9.51001412 9.47775913 9.91472851 11.7790794 17.479477 30 
40 19.2550236 8.42440465 4.73242537 3.83778288 3.79178102 4.43798078 7.14453986 15.0395261 30 
40 18.4377147 6.85303537 2.84507865 1.8667491 1.81702455 2.52901598 5.49692271 14.0698462 30 
40 18.2138459 6.4612282 2.38448406 1.38793673 1.33748587 2.06432974 5.09147592 13.8212547 30 
40 18.2138459 6.4612282 2.38448406 1.38793673 1.33748587 2.06432974 5.09147592 13.8212547 30 
40 18.4377147 6.85303537 2.84507865 1.8667491 1.81702455 2.52901598 5.49692271 14.0698462 30 
40 19.2550236 8.42440465 4.73242537 3.83778288 3.79178102 4.43798078 7.14453986 15.0395261 30 
40 20.9126855 12.7339323 10.1253929 9.51001412 9.47775913 9.91472851 11.7790794 17.479477 30 
30 20 20 20 20 20 20 20 20 25 

0.0085
30 20 20 20 20 20 20 20 20 25 
40 20.9960676 12.8191998 10.1901409 9.5640229 9.530814 9.97508756 11.8533037 17.548484 30 
40 19.3625707 8.52317263 4.79545494 3.88328127 3.83581525 4.4942622 7.22629335 15.1248837 30 
40 18.5434252 6.94059821 2.88964244 1.89095737 1.83959389 2.56601792 5.56539458 14.1506294 30 
40 18.3164199 6.54190501 2.41989198 1.40218582 1.35005421 2.09197963 5.15255671 13.8982303 30 
40 18.3164199 6.54190501 2.41989198 1.40218582 1.35005421 2.09197963 5.15255671 13.8982303 30 
40 18.5434252 6.94059821 2.88964244 1.89095737 1.83959389 2.56601792 5.56539458 14.1506294 30 
40 19.3625707 8.52317263 4.79545494 3.88328127 3.83581525 4.4942622 7.22629335 15.1248837 30 
40 20.9960676 12.8191998 10.1901409 9.5640229 9.530814 9.97508756 11.8533037 17.548484 30 
30 20 20 20 20 20 20 20 20 25 

0.0086
30 20 20 20 20 20 20 20 20 25 
40 21.0780426 12.9035256 10.254322 9.61750435 9.58333069 10.0348679 11.9266702 17.6163265 30 
40 19.4686946 8.62142396 4.85849912 3.92881252 3.87986216 4.55052385 7.30762006 15.2091424 30 
40 18.6478841 7.02795574 2.93452577 1.91546611 1.86243858 2.6032895 5.63373377 14.2304893 30 
40 18.4177806 6.62241696 2.45563255 1.41672928 1.36289018 2.11990653 5.21353606 13.9743153 30 
40 18.4177806 6.62241696 2.45563255 1.41672928 1.36289018 2.11990653 5.21353606 13.9743153 30 
40 18.6478841 7.02795574 2.93452577 1.91546611 1.86243858 2.6032895 5.63373377 14.2304893 30 
40 19.4686946 8.62142396 4.85849912 3.92881252 3.87986216 4.55052385 7.30762006 15.2091424 30 
40 21.0780426 12.9035256 10.254322 9.61750435 9.58333069 10.0348679 11.9266702 17.6163265 30 
30 20 20 20 20 20 20 20 20 25 

0.0087
30 20 20 20 20 20 20 20 20 25 
40 21.1586431 12.9869225 10.3179444 9.67046883 9.63531981 10.0940784 11.9991915 17.6830316 30 
40 19.5734203 8.71915375 4.92154999 3.97437334 3.92391873 4.60675929 7.38851596 15.2923211 30 
40 18.751113 7.11510002 2.97972027 1.94027253 1.88555612 2.64082395 5.70193377 14.3094417 30 
40 18.5179502 6.70275814 2.49170029 1.43156729 1.37599421 2.14810649 5.27440953 14.0495261 30 
40 18.5179502 6.70275814 2.49170029 1.43156729 1.37599421 2.14810649 5.27440953 14.0495261 30 
40 18.751113 7.11510002 2.97972027 1.94027253 1.88555612 2.64082395 5.70193377 14.3094417 30 
40 19.5734203 8.71915375 4.92154999 3.97437334 3.92391873 4.60675929 7.38851596 15.2923211 30 
40 21.1586431 12.9869225 10.3179444 9.67046883 9.63531981 10.0940784 11.9991915 17.6830316 30 
30 20 20 20 20 20 20 20 20 25 

0.0088
30 20 20 20 20 20 20 20 20 25 
40 21.2379008 13.069403 10.3810161 9.72292645 9.68679168 10.152728 12.0708801 17.7486254 30 
40 19.6767726 8.81635753 4.98459991 4.0199605 3.96798206 4.66296229 7.46897738 15.3744381 30 
40 18.8531332 7.20202347 3.02521769 1.96537379 1.90894397 2.67861455 5.76998833 14.3875018 30 
40 18.6169504 6.7829229 2.52808974 1.44669995 1.38936669 2.17657557 5.33517291 14.1238788 30 
40 18.6169504 6.7829229 2.52808974 1.44669995 1.38936669 2.17657557 5.33517291 14.1238788 30 
40 18.8531332 7.20202347 3.02521769 1.96537379 1.90894397 2.67861455 5.76998833 14.3875018 30 
40 19.6767726 8.81635753 4.98459991 4.0199605 3.96798206 4.66296229 7.46897738 15.3744381 30 
40 21.2379008 13.069403 10.3810161 9.72292645 9.68679168 10.152728 12.0708801 17.7486254 30 
30 20 20 20 20 20 20 20 20 25 

0.0089
30 20 20 20 20 20 20 20 20 25 
40 21.3158466 13.1509796 10.4435447 9.77488707 9.73775638 10.2108252 12.1417482 17.8131336 30 
40 19.7787756 8.91303122 5.04764143 4.06557091 4.01204936 4.71912682 7.54900097 15.4555116 30 
40 18.9539653 7.28871884 3.07100985 1.99076706 1.93259958 2.71665467 5.83789146 14.4646848 30 
40 18.7148025 6.86290585 2.56479546 1.46212725 1.40300788 2.20530984 5.39582215 14.1973892 30 
40 18.7148025 6.86290585 2.56479546 1.46212725 1.40300788 2.20530984 5.39582215 14.1973892 30 
40 18.9539653 7.28871884 3.07100985 1.99076706 1.93259958 2.71665467 5.83789146 14.4646848 30 
40 19.7787756 8.91303122 5.04764143 4.06557091 4.01204936 4.71912682 7.54900097 15.4555116 30 
40 21.3158466 13.1509796 10.4435447 9.77488707 9.73775638 10.2108252 12.1417482 17.8131336 30 
30 20 20 20 20 20 20 20 20 25 

0.009
30 20 20 20 20 20 20 20 20 25 
40 21.3925103 13.2316647 10.505538 9.82636031 9.78822374 10.2683785 12.2118079 17.8765809 30 
40 19.879453 9.00917112 5.11066734 4.11120152 4.05611793 4.77524705 7.62858371 15.5355594 30 
40 19.0536297 7.37517921 3.11708868 2.01644946 1.95652039 2.75493776 5.90563743 14.5410053 30 
40 18.8115271 6.94270184 2.60181202 1.47784914 1.41691801 2.2343054 5.45635339 14.2700726 30 
40 18.8115271 6.94270184 2.60181202 1.47784914 1.41691801 2.2343054 5.45635339 14.2700726 30 
40 19.0536297 7.37517921 3.11708868 2.01644946 1.95652039 2.75493776 5.90563743 14.5410053 30 
40 19.879453 9.00917112 5.11066734 4.11120152 4.05611793 4.77524705 7.62858371 15.5355594 30 
40 21.3925103 13.2316647 10.505538 9.82636031 9.78822374 10.2683785 12.2118079 17.8765809 30 
30 20 20 20 20 20 20 20 20 25 

0.0091
30 20 20 20 20 20 20 20 20 25 
40 21.467921 13.3114703 10.5670034 9.87735553 9.83820335 10.3253961 12.281071 17.9389913 30 
40 19.978828 9.10477392 5.17367064 4.15684941 4.10018514 4.83131735 7.70772288 15.6145987 30 
40 19.1521461 7.46139795 3.16344622 2.04241808 1.9807038 2.79345735 5.97322074 14.6164778 30 
40 18.9071446 7.02230597 2.63913406 1.49386546 1.43109722 2.26355832 5.51676294 14.341944 30 
40 18.9071446 7.02230597 2.63913406 1.49386546 1.43109722 2.26355832 5.51676294 14.341944 30 
40 19.1521461 7.46139795 3.16344622 2.04241808 1.9807038 2.79345735 5.97322074 14.6164778 30 
40 19.978828 9.10477392 5.17367064 4.15684941 4.10018514 4.83131735 7.70772288 15.6145987 30 
40 21.467921 13.3114703 10.5670034 9.87735553 9.83820335 10.3253961 12.281071 17.9389913 30 
30 20 20 20 20 20 20 20 20 25 

0.0092
30 20 20 20 20 20 20 20 20 25 
40 21.5421072 13.3904084 10.6279482 9.92788187 9.88770459 10.3818862 12.3495493 18.0003883 30 
40 20.0769233 9.19983663 5.23664455 4.20251173 4.14424847 4.88733227 7.78641605 15.6926467 30 
40 19.2495339 7.54736876 3.21007458 2.06867 2.00514723 2.83220706 6.04063612 14.6911163 30 
40 19.0016748 7.10171356 2.67675621 1.51017599 1.44554558 2.29306475 5.57704728 14.4130181 30 
40 19.0016748 7.10171356 2.67675621 1.51017599 1.44554558 2.29306475 5.57704728 14.4130181 30 
40 19.2495339 7.54736876 3.21007458 2.06867 2.00514723 2.83220706 6.04063612 14.6911163 30 
40 20.0769233 9.19983663 5.23664455 4.20251173 4.14424847 4.88733227 7.78641605 15.6926467 30 
40 21.5421072 13.3904084 10.6279482 9.92788187 9.88770459 10.3818862 12.3495493 18.0003883 30 
30 20 20 20 20 20 20 20 20 25 

0.0093
30 20 20 20 20 20 20 20 20 25 
40 21.6150962 13.468491 10.6883797 9.97794824 9.93673657 10.4378566 12.4172542 18.0607948 30 
40 20.1737611 9.29435662 5.29958248 4.24818571 4.18830549 4.94328656 7.86466105 15.76972 30 
40 19.3458123 7.63308559 3.25696599 2.0952023 2.02984805 2.87118058 6.10787854 14.7649347 30 
40 19.095137 7.18092015 2.71467317 1.52678042 1.46026309 2.32282081 5.63720305 14.4833092 30 
40 19.095137 7.18092015 2.71467317 1.52678042 1.46026309 2.32282081 5.63720305 14.4833092 30 
40 19.3458123 7.63308559 3.25696599 2.0952023 2.02984805 2.87118058 6.10787854 14.7649347 30 
40 20.1737611 9.29435662 5.29958248 4.24818571 4.18830549 4.94328656 7.86466105 15.76972 30 
40 21.6150962 13.468491 10.6883797 9.97794824 9.93673657 10.4378566 12.4172542 18.0607948 30 
30 20 20 20 20 20 20 20 20 25 

0.0094
30 20 20 20 20 20 20 20 20 25 
40 21.6869149 13.5457297 10.7483047 10.0275633 9.98530821 10.4933151 12.4841972 18.1202327 30 
40 20.2693633 9.38833155 5.36247806 4.29386866 4.23235384 4.99917513 7.942456 15.8458351 30 
40 19.4409996 7.71854272 3.30411278 2.12201201 2.05480364 2.9103717 6.17494319 14.8379464 30 
40 19.1875502 7.2599215 2.75287964 1.5436784 1.47524969 2.35282265 5.69722705 14.5528313 30 
40 19.1875502 7.2599215 2.75287964 1.5436784 1.47524969 2.35282265 5.69722705 14.5528313 30 
40 19.4409996 7.71854272 3.30411278 2.12201201 2.05480364 2.9103717 6.17494319 14.8379464 30 
40 20.2693633 9.38833155 5.36247806 4.29386866 4.23235384 4.99917513 7.942456 15.8458351 30 
40 21.6869149 13.5457297 10.7483047 10.0275633 9.98530821 10.4933151 12.4841972 18.1202327 30 
30 20 20 20 20 20 20 20 20 25 

0.0095
30 20 20 20 20 20 20 20 20 25 
40 21.7575892 13.622136 10.8077302 10.0767356 10.0334282 10.5482693 12.5503893 18.1787237 30 
40 20.3637512 9.48175943 5.42532511 4.33955799 4.27639124 5.05499309 8.01979926 15.9210081 30 
40 19.5351142 7.80373467 3.3515074 2.14909616 2.08001137 2.94977427 6.24182547 14.9101646 30 
40 19.2789329 7.33871358 2.79137037 1.56086946 1.49050525 2.38306645 5.75711621 14.6215981 30 
40 19.2789329 7.33871358 2.79137037 1.56086946 1.49050525 2.38306645 5.75711621 14.6215981 30 
40 19.5351142 7.80373467 3.3515074 2.14909616 2.08001137 2.94977427 6.24182547 14.9101646 30 
40 20.3637512 9.48175943 5.42532511 4.33955799 4.27639124 5.05499309 8.01979926 15.9210081 30 
40 21.7575892 13.622136 10.8077302 10.0767356 10.0334282 10.5482693 12.5503893 18.1787237 30 
30 20 20 20 20 20 20 20 20 25 

0.0096
30 20 20 20 20 20 20 20 20 25 
40 21.8271445 13.6977214 10.866663 10.1254734 10.081105 10.6027267 12.6158417 18.2362888 30 
40 20.4569458 9.57463852 5.48811766 4.38525115 4.3204155 5.11073571 8.09668945 15.9952546 30 
40 19.6281738 7.88865623 3.39914236 2.17645178 2.10546858 2.98938227 6.308521 14.9816023 30 
40 19.3693032 7.41729255 2.83014017 1.57835309 1.50602956 2.41354842 5.81686762 14.6896229 30 
40 19.3693032 7.41729255 2.83014017 1.57835309 1.50602956 2.41354842 5.81686762 14.6896229 30 
40 19.6281738 7.88865623 3.39914236 2.17645178 2.10546858 2.98938227 6.308521 14.9816023 30 
40 20.4569458 9.57463852 5.48811766 4.38525115 4.3204155 5.11073571 8.09668945 15.9952546 30 
40 21.8271445 13.6977214 10.866663 10.1254734 10.081105 10.6027267 12.6158417 18.2362888 30 
30 20 20 20 20 20 20 20 20 25 

0.0097
30 20 20 20 20 20 20 20 20 25 
40 21.8956054 13.772497 10.9251096 10.1737846 10.128347 10.6566944 12.680565 18.2929482 30 
40 20.5489676 9.66696739 5.5508499 4.43094569 4.36442448 5.16639842 8.1731254 16.0685902 30 
40 19.7201959 7.97330245 3.44701033 2.20407586 2.13117263 3.02918971 6.37502558 15.0522722 30 
40 19.4586788 7.49565477 2.86918384 1.59612872 1.52182238 2.44426476 5.87647852 14.7569189 30 
40 19.4586788 7.49565477 2.86918384 1.59612872 1.52182238 2.44426476 5.87647852 14.7569189 30 
40 19.7201959 7.97330245 3.44701033 2.20407586 2.13117263 3.02918971 6.37502558 15.0522722 30 
40 20.5489676 9.66696739 5.5508499 4.43094569 4.36442448 5.16639842 8.1731254 16.0685902 30 
40 21.8956054 13.772497 10.9251096 10.1737846 10.128347 10.6566944 12.680565 18.2929482 30 
30 20 20 20 20 20 20 20 20 25 

0.0098
30 20 20 20 20 20 20 20 20 25 
40 21.9629958 13.8464739 10.9830765 10.2216772 10.1751621 10.7101797 12.7445701 18.3487218 30 
40 20.6398365 9.75874487 5.61351623 4.47663921 4.40841614 5.22197682 8.24910618 16.1410301 30 
40 19.8111976 8.05766864 3.49510403 2.2319654 2.15712085 3.06919074 6.44133521 15.1221867 30 
40 19.5470769 7.57379678 2.90849627 1.61419567 1.53788337 2.47521172 5.93594625 14.8234989 30 
40 19.5470769 7.57379678 2.90849627 1.61419567 1.53788337 2.47521172 5.93594625 14.8234989 30 
40 19.8111976 8.05766864 3.49510403 2.2319654 2.15712085 3.06919074 6.44133521 15.1221867 30 
40 20.6398365 9.75874487 5.61351623 4.47663921 4.40841614 5.22197682 8.24910618 16.1410301 30 
40 21.9629958 13.8464739 10.9830765 10.2216772 10.1751621 10.7101797 12.7445701 18.3487218 30 
30 20 20 20 20 20 20 20 20 25 

0.0099
30 20 20 20 20 20 20 20 20 25 
40 22.0293391 13.9196631 11.0405701 10.2691589 10.2215584 10.7631897 12.8078674 18.4036289 30 
40 20.7295725 9.84997003 5.67611123 4.52232939 4.45238849 5.27746668 8.32463106 16.212589 30 
40 19.9011955 8.14175032 3.54341634 2.26011738 2.18331057 3.10937956 6.5074461 15.1913579 30 
40 19.6345146 7.6517153 2.94807234 1.63255325 1.55421215 2.50638558 5.99526832 14.8893752 30 
40 19.6345146 7.6517153 2.94807234 1.63255325 1.55421215 2.50638558 5.99526832 14.8893752 30 
40 19.9011955 8.14175032 3.54341634 2.26011738 2.18331057 3.10937956 6.5074461 15.1913579 30 
40 20.7295725 9.84997003 5.67611123 4.52232939 4.45238849 5.27746668 8.32463106 16.212589 30 
40 22.0293391 13.9196631 11.0405701 10.2691589 10.2215584 10.7631897 12.8078674 18.4036289 30 
30 20 20 20 20 20 20 20 20 25 

0.01
30 20 20 20 20 20 20 20 20 25 
40 22.0946579 13.9920754 11.0975967 10.3162372 10.2675434 10.815731 12.8704672 18.4576883 30 
40 20.8181946 9.9406422 5.73862964 4.56801397 4.4963396 5.3328639 8.39969951 16.2832816 30 
40 19.990206 8.22554328 3.5919402 2.28852878 2.20973913 3.14975046 6.57335463 15.2597977 30 
40 19.7210082 7.72940721 2.98790702 1.65120068 1.57080828 2.53778261 6.05444234 14.9545602 30 
40 19.7210082 7.72940721 2.98790702 1.65120068 1.57080828 2.53778261 6.05444234 14.9545602 30 
40 19.990206 8.22554328 3.5919402 2.28852878 2.20973913 3.14975046 6.57335463 15.2597977 30 
40 20.8181946 9.9406422 5.73862964 4.56801397 4.4963396 5.3328639 8.39969951 16.2832816 30 
40 22.0946579 13.9920754 11.0975967 10.3162372 10.2675434 10.815731 12.8704672 18.4576883 30 
30 20 20 20 20 20 20 20 20 25 

