1e-006
30 20 20 20 20 20 20 20 20 25 
40 1.56685554 1.19002379 1.186329 1.18629278 1.18629269 1.18631958 1.18906243 1.4688069 30 
40 1.38419836 1.00557568 1.00186333 1.00182693 1.00182684 1.00185391 1.00461432 1.28614972 30 
40 1.38240743 1.00376719 1.00005467 1.00001827 1.00001818 1.00004524 1.00280583 1.28435879 30 
40 1.38238987 1.00374946 1.00003694 1.00000054 1.00000045 1.00002751 1.0027881 1.28434123 30 
40 1.38238987 1.00374946 1.00003694 1.00000054 1.00000045 1.00002751 1.0027881 1.28434123 30 
40 1.38240743 1.00376719 1.00005467 1.00001827 1.00001818 1.00004524 1.00280583 1.28435879 30 
40 1.38419836 1.00557568 1.00186333 1.00182693 1.00182684 1.00185391 1.00461432 1.28614972 30 
40 1.56685554 1.19002379 1.186329 1.18629278 1.18629269 1.18631958 1.18906243 1.4688069 30 
30 20 20 20 20 20 20 20 20 25 

0.000101
30 20 20 20 20 20 20 20 20 25 
40 2.11727035 1.37992738 1.36911015 1.36896893 1.36896848 1.36907327 1.37709914 1.92401979 30 
40 1.7626389 1.01650909 1.00555365 1.00541056 1.00541011 1.0055165 1.01366255 1.5684549 30 
40 1.75742269 1.01117279 1.0002155 1.00007238 1.00007193 1.00017834 1.00832607 1.56322954 30 
40 1.7573545 1.01110309 1.00014578 1.00000266 1.00000221 1.00010862 1.00825637 1.56316126 30 
40 1.7573545 1.01110309 1.00014578 1.00000266 1.00000221 1.00010862 1.00825637 1.56316126 30 
40 1.75742269 1.01117279 1.0002155 1.00007238 1.00007193 1.00017834 1.00832607 1.56322954 30 
40 1.7626389 1.01650909 1.00555365 1.00541056 1.00541011 1.0055165 1.01366255 1.5684549 30 
40 2.11727035 1.37992738 1.36911015 1.36896893 1.36896848 1.36907327 1.37709914 1.92401979 30 
30 20 20 20 20 20 20 20 20 25 

0.000201
30 20 20 20 20 20 20 20 20 25 
40 2.65182386 1.56957713 1.54846103 1.54811689 1.54811558 1.54837082 1.56402943 2.36611768 30 
40 2.13536926 1.03258827 1.01103493 1.01068336 1.01068204 1.01094341 1.0269692 1.8469255 30 
40 2.12523942 1.02209194 1.00053092 1.00017922 1.00017789 1.00043938 1.01647192 1.83676002 30 
40 2.1250739 1.02192073 1.00035959 1.00000788 1.00000656 1.00026805 1.01630069 1.83659406 30 
40 2.1250739 1.02192073 1.00035959 1.00000788 1.00000656 1.00026805 1.01630069 1.83659406 30 
40 2.12523942 1.02209194 1.00053092 1.00017922 1.00017789 1.00043938 1.01647192 1.83676002 30 
40 2.13536926 1.03258827 1.01103493 1.01068336 1.01068204 1.01094341 1.0269692 1.8469255 30 
40 2.65182386 1.56957713 1.54846103 1.54811689 1.54811558 1.54837082 1.56402943 2.36611768 30 
30 20 20 20 20 20 20 20 20 25 

0.000301
30 20 20 20 20 20 20 20 20 25 
40 3.17107233 1.75884912 1.72449398 1.72382298 1.72382001 1.72431745 1.74977963 2.79556042 30 
40 2.50244053 1.05360711 1.01827145 1.01758041 1.01757738 1.01809109 1.04436368 2.12157534 30 
40 2.48604483 1.03640353 1.00104646 1.00035499 1.00035195 1.00086603 1.02715713 2.10509287 30 
40 2.48572335 1.03606708 1.00070961 1.00001813 1.0000151 1.00052919 1.02682064 2.10477013 30 
40 2.48572335 1.03606708 1.00070961 1.00001813 1.0000151 1.00052919 1.02682064 2.10477013 30 
40 2.48604483 1.03640353 1.00104646 1.00035499 1.00035195 1.00086603 1.02715713 2.10509287 30 
40 2.50244053 1.05360711 1.01827145 1.01758041 1.01757738 1.01809109 1.04436368 2.12157534 30 
40 3.17107233 1.75884912 1.72449398 1.72382298 1.72382001 1.72431745 1.74977963 2.79556042 30 
30 20 20 20 20 20 20 20 20 25 

0.000401
30 20 20 20 20 20 20 20 20 25 
40 3.67554984 1.94762857 1.89731634 1.89617144 1.89616565 1.89701403 1.93428261 3.21278954 30 
40 2.86390687 1.07936537 1.02722777 1.02603932 1.02603336 1.02691678 1.06568021 2.39242176 30 
40 2.84001993 1.05399009 1.00180485 1.00061527 1.0006093 1.00149367 1.04029793 2.36836582 30 
40 2.83947351 1.05341163 1.00122538 1.00003577 1.00002979 1.00091419 1.03971935 2.36781653 30 
40 2.83947351 1.05341163 1.00122538 1.00003577 1.00002979 1.00091419 1.03971935 2.36781653 30 
40 2.84001993 1.05399009 1.00180485 1.00061527 1.0006093 1.00149367 1.04029793 2.36836582 30 
40 2.86390687 1.07936537 1.02722777 1.02603932 1.02603336 1.02691678 1.06568021 2.39242176 30 
40 3.67554984 1.94762857 1.89731634 1.89617144 1.89616565 1.89701403 1.93428261 3.21278954 30 
30 20 20 20 20 20 20 20 20 25 

0.000501
30 20 20 20 20 20 20 20 20 25 
40 4.16576927 2.13580929 2.06703074 2.06524448 2.06523432 2.06655736 2.11747739 3.61822903 30 
40 3.2198252 1.10966852 1.03786876 1.0360001 1.03598955 1.03737847 1.09075778 2.65948535 30 
40 3.1873398 1.07473764 1.00284618 1.00097501 1.00096445 1.00235546 1.05581291 2.62671188 30 
40 3.18649056 1.07382841 1.00193471 1.00006349 1.00005293 1.00144399 1.05490339 2.62585705 30 
40 3.18649056 1.07382841 1.00193471 1.00006349 1.00005293 1.00144399 1.05490339 2.62585705 30 
40 3.1873398 1.07473764 1.00284618 1.00097501 1.00096445 1.00235546 1.05581291 2.62671188 30 
40 3.2198252 1.10966852 1.03786876 1.0360001 1.03598955 1.03737847 1.09075778 2.65948535 30 
40 4.16576927 2.13580929 2.06703074 2.06524448 2.06523432 2.06655736 2.11747739 3.61822903 30 
30 20 20 20 20 20 20 20 20 25 

0.000601
30 20 20 20 20 20 20 20 20 25 
40 4.64222321 2.32329312 2.23373533 2.2311223 2.23110578 2.23304032 2.29930872 4.01228613 30 
40 3.57025492 1.14432772 1.05015957 1.0474051 1.04738782 1.04943493 1.11944009 2.92278961 30 
40 3.52817383 1.09853562 1.00420795 1.00144855 1.00143126 1.00348245 1.07362294 2.88025956 30 
40 3.52693628 1.0971959 1.00286388 1.00010435 1.00008705 1.00213836 1.07228265 2.87901222 30 
40 3.52693628 1.0971959 1.00286388 1.00010435 1.00008705 1.00213836 1.07228265 2.87901222 30 
40 3.52817383 1.09853562 1.00420795 1.00144855 1.00143126 1.00348245 1.07362294 2.88025956 30 
40 3.57025492 1.14432772 1.05015957 1.0474051 1.04738782 1.04943493 1.11944009 2.92278961 30 
40 4.64222321 2.32329312 2.23373533 2.2311223 2.23110578 2.23304032 2.29930872 4.01228613 30 
30 20 20 20 20 20 20 20 20 25 

0.000701
30 20 20 20 20 20 20 20 20 25 
40 5.10538486 2.50998951 2.39752399 2.39388312 2.39385779 2.39655206 2.47972671 4.39535204 30 
40 3.91525754 1.18315973 1.06406564 1.06019887 1.0601722 1.06304563 1.15157544 3.18236072 30 
40 3.86268599 1.12527671 1.00592526 1.00204966 1.00202295 1.00490368 1.09365115 3.12913304 30 
40 3.86096822 1.12339683 1.00403759 1.00016172 1.00013501 1.00301597 1.09177023 3.12739943 30 
40 3.86096822 1.12339683 1.00403759 1.00016172 1.00013501 1.00301597 1.09177023 3.12739943 30 
40 3.86268599 1.12527671 1.00592526 1.00204966 1.00202295 1.00490368 1.09365115 3.12913304 30 
40 3.91525754 1.18315973 1.06406564 1.06019887 1.0601722 1.06304563 1.15157544 3.18236072 30 
40 5.10538486 2.50998951 2.39752399 2.39388312 2.39385779 2.39655206 2.47972671 4.39535204 30 
30 20 20 20 20 20 20 20 20 25 

0.000801
30 20 20 20 20 20 20 20 20 25 
40 5.55570888 2.695815 2.55848661 2.55360325 2.55356619 2.55717825 2.65868651 4.76780264 30 
40 4.2548965 1.22598677 1.07955269 1.07432814 1.07428885 1.07817078 1.18701671 3.43822726 30 
40 4.19103498 1.15485681 1.00803086 1.0027915 1.00275213 1.00664626 1.11582281 3.3734524 30 
40 4.18873976 1.15231807 1.0054791 1.00023925 1.00019987 1.00409443 1.11328228 3.371133 30 
40 4.18873976 1.15231807 1.0054791 1.00023925 1.00019987 1.00409443 1.11328228 3.371133 30 
40 4.19103498 1.15485681 1.00803086 1.0027915 1.00275213 1.00664626 1.11582281 3.3734524 30 
40 4.2548965 1.22598677 1.07955269 1.07432814 1.07428885 1.07817078 1.18701671 3.43822726 30 
40 5.55570888 2.695815 2.55848661 2.55360325 2.55356619 2.55717825 2.65868651 4.76780264 30 
30 20 20 20 20 20 20 20 20 25 

0.000901
30 20 20 20 20 20 20 20 20 25 
40 5.99363216 2.8806928 2.71670921 2.7103571 2.71030487 2.71500116 2.83614795 5.1299991 30 
40 4.58923691 1.27263648 1.09658675 1.08974168 1.08968593 1.09477125 1.22562123 3.69042 30 
40 4.51337448 1.18717486 1.01055529 1.00368672 1.00363083 1.00873546 1.14006525 3.61333374 30 
40 4.51040027 1.18385045 1.00721026 1.00034084 1.00028494 1.0053903 1.13673797 3.61032426 30 
40 4.51040027 1.18385045 1.00721026 1.00034084 1.00028494 1.0053903 1.13673797 3.61032426 30 
40 4.51337448 1.18717486 1.01055529 1.00368672 1.00363083 1.00873546 1.14006525 3.61333374 30 
40 4.58923691 1.27263648 1.09658675 1.08974168 1.08968593 1.09477125 1.22562123 3.69042 30 
40 5.99363216 2.8806928 2.71670921 2.7103571 2.71030487 2.71500116 2.83614795 5.1299991 30 
30 20 20 20 20 20 20 20 20 25 

0.001001
30 20 20 20 20 20 20 20 20 25 
40 6.41957461 3.0645524 2.87227422 2.86421725 2.86414589 2.87009987 3.01207525 5.4822886 30 
40 4.91834526 1.32294179 1.11513413 1.10639026 1.1063136 1.11280863 1.26725073 3.93897168 30 
40 4.82985337 1.22213276 1.01352694 1.00474741 1.0046705 1.0111948 1.16630785 3.84888936 30 
40 4.82609516 1.21788863 1.00925158 1.00047065 1.00039374 1.00691921 1.16205932 3.84508163 30 
40 4.82609516 1.21788863 1.00925158 1.00047065 1.00039374 1.00691921 1.16205932 3.84508163 30 
40 4.82985337 1.22213276 1.01352694 1.00474741 1.0046705 1.0111948 1.16630785 3.84888936 30 
40 4.91834526 1.32294179 1.11513413 1.10639026 1.1063136 1.11280863 1.26725073 3.93897168 30 
40 6.41957461 3.0645524 2.87227422 2.86421725 2.86414589 2.87009987 3.01207525 5.4822886 30 
30 20 20 20 20 20 20 20 20 25 

0.001101
30 20 20 20 20 20 20 20 20 25 
40 6.83393987 3.24732916 3.02526059 3.01525444 3.01515947 3.02255043 3.18643672 5.82500483 30 
40 5.2422893 1.37674082 1.13516143 1.12422654 1.12412384 1.13224514 1.31177121 4.18391679 30 
40 5.14061586 1.25963532 1.0169722 1.00598515 1.00588208 1.01404609 1.19448195 4.08022794 30 
40 5.13596604 1.25433099 1.01162228 1.00063303 1.00052995 1.00869581 1.18917113 4.07551071 30 
40 5.13596604 1.25433099 1.01162228 1.00063303 1.00052995 1.00869581 1.18917113 4.07551071 30 
40 5.14061586 1.25963532 1.0169722 1.00598515 1.00588208 1.01404609 1.19448195 4.08022794 30 
40 5.2422893 1.37674082 1.13516143 1.12422654 1.12412384 1.13224514 1.31177121 4.18391679 30 
40 6.83393987 3.24732916 3.02526059 3.01525444 3.01515947 3.02255043 3.18643672 5.82500483 30 
30 20 20 20 20 20 20 20 20 25 

0.001201
30 20 20 20 20 20 20 20 20 25 
40 7.23711604 3.42896396 3.17574403 3.16353765 3.16341407 3.17242596 3.35920449 6.15846865 30 
40 5.56113778 1.43387678 1.15663556 1.143205 1.1430705 1.15304369 1.35905292 4.4252914 30 
40 5.44580174 1.29959012 1.02091548 1.00741101 1.00727593 1.01730955 1.22452078 4.30745464 30 
40 5.44015081 1.2930795 1.01434035 1.00083255 1.00069745 1.01073388 1.21800086 4.30171434 30 
40 5.44015081 1.2930795 1.01434035 1.00083255 1.00069745 1.01073388 1.21800086 4.30171434 30 
40 5.44580174 1.29959012 1.02091548 1.00741101 1.00727593 1.01730955 1.22452078 4.30745464 30 
40 5.56113778 1.43387678 1.15663556 1.143205 1.1430705 1.15304369 1.35905292 4.4252914 30 
40 7.23711604 3.42896396 3.17574403 3.16353765 3.16341407 3.17242596 3.35920449 6.15846865 30 
30 20 20 20 20 20 20 20 20 25 

0.001301
30 20 20 20 20 20 20 20 20 25 
40 7.62947628 3.60940284 3.32379709 3.30913413 3.30897638 3.31979684 3.53035426 6.48298858 30 
40 5.87496031 1.49419787 1.17952375 1.16328189 1.16310913 1.17516784 1.40897022 4.66313298 30 
40 5.74554649 1.34190746 1.02537936 1.00903556 1.00886195 1.02100389 1.25635941 4.53067128 30 
40 5.73878373 1.33403955 1.01742261 1.00107391 1.00090026 1.01304632 1.24847858 4.52379264 30 
40 5.73878373 1.33403955 1.01742261 1.00107391 1.00090026 1.01304632 1.24847858 4.52379264 30 
40 5.74554649 1.34190746 1.02537936 1.00903556 1.00886195 1.02100389 1.25635941 4.53067128 30 
40 5.87496031 1.49419787 1.17952375 1.16328189 1.16310913 1.17516784 1.40897022 4.66313298 30 
40 7.62947628 3.60940284 3.32379709 3.30913413 3.30897638 3.31979684 3.53035426 6.48298858 30 
30 20 20 20 20 20 20 20 20 25 

0.001401
30 20 20 20 20 20 20 20 20 25 
40 8.01137951 3.78859672 3.46948942 3.45210943 3.45191144 3.46473081 3.69986504 6.79886137 30 
40 6.18382714 1.55755715 1.20379351 1.18441516 1.18419698 1.19858175 1.46140152 4.89748024 30 
40 6.03998146 1.38650024 1.03038466 1.01086893 1.01064953 1.02514633 1.28993472 4.74997647 30 
40 6.03199553 1.37711989 1.02088474 1.00136202 1.00114255 1.01564523 1.28053682 4.74184317 30 
40 6.03199553 1.37711989 1.02088474 1.00136202 1.00114255 1.01564523 1.28053682 4.74184317 30 
40 6.03998146 1.38650024 1.03038466 1.01086893 1.01064953 1.02514633 1.28993472 4.74997647 30 
40 6.18382714 1.55755715 1.20379351 1.18441516 1.18419698 1.19858175 1.46140152 4.89748024 30 
40 8.01137951 3.78859672 3.46948942 3.45210943 3.45191144 3.46473081 3.69986504 6.79886137 30 
30 20 20 20 20 20 20 20 20 25 

0.001501
30 20 20 20 20 20 20 20 20 25 
40 8.38317099 3.96650104 3.61288782 3.59252745 3.5922826 3.60729309 3.86771896 7.10637243 30 
40 6.4878091 1.62381248 1.22941271 1.20656435 1.20629289 1.22325025 1.51622916 5.12837297 30 
40 6.32923407 1.43328392 1.03595049 1.01292076 1.01264759 1.02975269 1.32518531 4.96546571 30 
40 6.31991355 1.42223246 1.02474136 1.00170187 1.00142861 1.0185419 1.31411053 4.9559609 30 
40 6.31991355 1.42223246 1.02474136 1.00170187 1.00142861 1.0185419 1.31411053 4.9559609 30 
40 6.32923407 1.43328392 1.03595049 1.01292076 1.01264759 1.02975269 1.32518531 4.96546571 30 
40 6.4878091 1.62381248 1.22941271 1.20656435 1.20629289 1.22325025 1.51622916 5.12837297 30 
40 8.38317099 3.96650104 3.61288782 3.59252745 3.5922826 3.60729309 3.86771896 7.10637243 30 
30 20 20 20 20 20 20 20 20 25 

0.001601
30 20 20 20 20 20 20 20 20 25 
40 8.74518286 4.14307552 3.75405641 3.73045045 3.73015161 3.74754649 4.03390102 7.40579641 30 
40 6.78697735 1.69282632 1.25634951 1.22969058 1.22935728 1.24913877 1.57333933 5.35585191 30 
40 6.61342789 1.48217643 1.04209436 1.01520026 1.0148646 1.03483747 1.36205149 5.17723156 30 
40 6.60266176 1.46929233 1.02900605 1.0020986 1.00176283 1.02174689 1.34913697 5.16623834 30 
40 6.60266176 1.46929233 1.02900605 1.0020986 1.00176283 1.02174689 1.34913697 5.16623834 30 
40 6.61342789 1.48217643 1.04209436 1.01520026 1.0148646 1.03483747 1.36205149 5.17723156 30 
40 6.78697735 1.69282632 1.25634951 1.22969058 1.22935728 1.24913877 1.57333933 5.35585191 30 
40 8.74518286 4.14307552 3.75405641 3.73045045 3.73015161 3.74754649 4.03390102 7.40579641 30 
30 20 20 20 20 20 20 20 20 25 

0.001701
30 20 20 20 20 20 20 20 20 25 
40 9.09773474 4.31828388 3.89305681 3.86593911 3.86557863 3.88555156 4.19839891 7.69739753 30 
40 7.08140332 1.76446572 1.28457242 1.25375646 1.25335204 1.27621335 1.63262199 5.5799586 30 
40 6.89268283 1.53309809 1.04883223 1.01771618 1.0173086 1.04041391 1.40047522 5.38536368 30 
40 6.88036092 1.51821753 1.03369141 1.00255745 1.0021497 1.02527 1.38555561 5.37276559 30 
40 6.88036092 1.51821753 1.03369141 1.00255745 1.0021497 1.02527 1.38555561 5.37276559 30 
40 6.89268283 1.53309809 1.04883223 1.01771618 1.0173086 1.04041391 1.40047522 5.38536368 30 
40 7.08140332 1.76446572 1.28457242 1.25375646 1.25335204 1.27621335 1.63262199 5.5799586 30 
40 9.09773474 4.31828388 3.89305681 3.86593911 3.86557863 3.88555156 4.19839891 7.69739753 30 
30 20 20 20 20 20 20 20 20 25 

0.001801
30 20 20 20 20 20 20 20 20 25 
40 9.44113423 4.49209356 4.02994817 3.99905258 3.9986223 4.02136664 4.36120283 7.98143012 30 
40 7.3711586 1.83860215 1.31405027 1.27872602 1.2782405 1.30444066 1.69397079 5.8007353 30 
40 7.16711526 1.58597154 1.05617862 1.0204769 1.01998719 1.04649401 1.44040003 5.58994902 30 
40 7.1531286 1.56892903 1.03880908 1.00308374 1.0025938 1.02912037 1.42330813 5.57563041 30 
40 7.1531286 1.56892903 1.03880908 1.00308374 1.0025938 1.02912037 1.42330813 5.57563041 30 
40 7.16711526 1.58597154 1.05617862 1.0204769 1.01998719 1.04649401 1.44040003 5.58994902 30 
40 7.3711586 1.83860215 1.31405027 1.27872602 1.2782405 1.30444066 1.69397079 5.8007353 30 
40 9.44113423 4.49209356 4.02994817 3.99905258 3.9986223 4.02136664 4.36120283 7.98143012 30 
30 20 20 20 20 20 20 20 20 25 

0.001901
30 20 20 20 20 20 20 20 20 25 
40 9.77567741 4.66447552 4.16478737 4.12984848 4.12933975 4.15504799 4.52230528 8.25813899 30 
40 7.65631475 1.9151114 1.34475225 1.30456469 1.30398738 1.33378795 1.75728294 6.01822485 30 
40 7.43683813 1.64072169 1.06414663 1.02349035 1.02290758 1.05308864 1.48177103 5.79107188 30 
40 7.42107932 1.62135054 1.04436982 1.00368286 1.00309978 1.03330648 1.46233823 5.77491825 30 
40 7.42107932 1.62135054 1.04436982 1.00368286 1.00309978 1.03330648 1.46233823 5.77491825 30 
40 7.43683813 1.64072169 1.06414663 1.02349035 1.02290758 1.05308864 1.48177103 5.79107188 30 
40 7.65631475 1.9151114 1.34475225 1.30456469 1.30398738 1.33378795 1.75728294 6.01822485 30 
40 9.77567741 4.66447552 4.16478737 4.12984848 4.12933975 4.15504799 4.52230528 8.25813899 30 
30 20 20 20 20 20 20 20 20 25 

0.002001
30 20 20 20 20 20 20 20 20 25 
40 10.1016493 4.83540399 4.29762908 4.25838297 4.25778666 4.28664988 4.68170096 8.5277598 30 
40 7.93694331 1.99387348 1.37664788 1.33123921 1.33055873 1.36422305 1.82245913 6.23247055 30 
40 7.70196112 1.69727563 1.07274805 1.02676408 1.02607659 1.06020757 1.52453483 5.98881401 30 
40 7.68432462 1.6754085 1.05038353 1.00436025 1.00367234 1.03783615 1.50259166 5.97071236 30 
40 7.68432462 1.6754085 1.05038353 1.00436025 1.00367234 1.03783615 1.50259166 5.97071236 30 
40 7.70196112 1.69727563 1.07274805 1.02676408 1.02607659 1.06020757 1.52453483 5.98881401 30 
40 7.93694331 1.99387348 1.37664788 1.33123921 1.33055873 1.36422305 1.82245913 6.23247055 30 
40 10.1016493 4.83540399 4.29762908 4.25838297 4.25778666 4.28664988 4.68170096 8.5277598 30 
30 20 20 20 20 20 20 20 20 25 

0.002101
30 20 20 20 20 20 20 20 20 25 
40 10.4193245 5.00485627 4.42852589 4.38471075 4.38401726 4.41622468 4.83938652 8.79051948 30 
40 8.21311561 2.07477249 1.40970707 1.35871759 1.35792187 1.39571442 1.88940346 6.44351611 30 
40 7.96259072 1.7555626 1.08199338 1.03030526 1.02950065 1.06785951 1.56863954 6.18325472 30 
40 7.94297312 1.73103192 1.05685928 1.00512142 1.00431624 1.04271662 1.54401607 6.16309382 30 
40 7.94297312 1.73103192 1.05685928 1.00512142 1.00431624 1.04271662 1.54401607 6.16309382 30 
40 7.96259072 1.7555626 1.08199338 1.03030526 1.02950065 1.06785951 1.56863954 6.18325472 30 
40 8.21311561 2.07477249 1.40970707 1.35871759 1.35792187 1.39571442 1.88940346 6.44351611 30 
40 10.4193245 5.00485627 4.42852589 4.38471075 4.38401726 4.41622468 4.83938652 8.79051948 30 
30 20 20 20 20 20 20 20 20 25 

0.002201
30 20 20 20 20 20 20 20 20 25 
40 10.7289671 5.17281252 4.55752837 4.50888514 4.50808442 4.54382292 4.99536052 9.04663657 30 
40 8.48490275 2.15769654 1.44390005 1.38696907 1.38604534 1.42823104 1.95802334 6.65140552 30 
40 8.21883037 1.81551389 1.09189194 1.0341207 1.03318582 1.07605217 1.61403466 6.37447097 30 
40 8.19713063 1.78815234 1.06380534 1.0059719 1.00503628 1.04795453 1.586561 6.35214161 30 
40 8.19713063 1.78815234 1.06380534 1.0059719 1.00503628 1.04795453 1.586561 6.35214161 30 
40 8.21883037 1.81551389 1.09189194 1.0341207 1.03318582 1.07605217 1.61403466 6.37447097 30 
40 8.48490275 2.15769654 1.44390005 1.38696907 1.38604534 1.42823104 1.95802334 6.65140552 30 
40 10.7289671 5.17281252 4.55752837 4.50888514 4.50808442 4.54382292 4.99536052 9.04663657 30 
30 20 20 20 20 20 20 20 20 25 

0.002301
30 20 20 20 20 20 20 20 20 25 
40 11.0308319 5.3392556 4.68468523 4.63095805 4.63003962 4.66949341 5.1496232 9.29632158 30 
40 8.75237548 2.24253764 1.47919744 1.41596406 1.4148989 1.46174252 2.0282294 6.856183 30 
40 8.47078056 1.87706282 1.10245187 1.03821683 1.03713784 1.08479235 1.66067112 6.56253744 30 
40 8.44690021 1.84670372 1.07122927 1.00691722 1.00583728 1.05355599 1.63017778 6.53793266 30 
40 8.44690021 1.84670372 1.07122927 1.00691722 1.00583728 1.05355599 1.63017778 6.53793266 30 
40 8.47078056 1.87706282 1.10245187 1.03821683 1.03713784 1.08479235 1.66067112 6.56253744 30 
40 8.75237548 2.24253764 1.47919744 1.41596406 1.4148989 1.46174252 2.0282294 6.856183 30 
40 11.0308319 5.3392556 4.68468523 4.63095805 4.63003962 4.66949341 5.1496232 9.29632158 30 
30 20 20 20 20 20 20 20 20 25 

0.002401
30 20 20 20 20 20 20 20 20 25 
40 11.325164 5.50417085 4.81004335 4.75098008 4.74993305 4.79328327 5.30217642 9.53977729 30 
40 9.01560416 2.32919156 1.51557023 1.44567408 1.44445341 1.49621901 2.0999354 7.0578929 30 
40 8.71853894 1.94014464 1.11368026 1.04259974 1.04136208 1.09408589 1.7085012 6.74752664 30 
40 8.69238223 1.90662233 1.07913788 1.00796296 1.00672408 1.05952657 1.67481947 6.72054189 30 
40 8.69238223 1.90662233 1.07913788 1.00796296 1.00672408 1.05952657 1.67481947 6.72054189 30 
40 8.71853894 1.94014464 1.11368026 1.04259974 1.04136208 1.09408589 1.7085012 6.74752664 30 
40 9.01560416 2.32919156 1.51557023 1.44567408 1.44445341 1.49621901 2.0999354 7.0578929 30 
40 11.325164 5.50417085 4.81004335 4.75098008 4.74993305 4.79328327 5.30217642 9.53977729 30 
30 20 20 20 20 20 20 20 20 25 

0.002501
30 20 20 20 20 20 20 20 20 25 
40 11.6121999 5.66754596 4.93364788 4.86900053 4.86781359 4.91523806 5.4530235 9.77719909 30 
40 9.2746587 2.41755775 1.55298976 1.47607174 1.47468083 1.53163122 2.17305813 7.25657965 30 
40 8.96220041 2.00469653 1.12558313 1.04727519 1.04586359 1.10393783 1.7574785 6.92950895 30 
40 8.93367449 1.96784672 1.08753732 1.00911467 1.00770154 1.06587133 1.72044082 6.90004231 30 
40 8.93367449 1.96784672 1.08753732 1.00911467 1.00770154 1.06587133 1.72044082 6.90004231 30 
40 8.96220041 2.00469653 1.12558313 1.04727519 1.04586359 1.10393783 1.7574785 6.92950895 30 
40 9.2746587 2.41755775 1.55298976 1.47607174 1.47468083 1.53163122 2.17305813 7.25657965 30 
40 11.6121999 5.66754596 4.93364788 4.86900053 4.86781359 4.91523806 5.4530235 9.77719909 30 
30 20 20 20 20 20 20 20 20 25 

0.002601
30 20 20 20 20 20 20 20 20 25 
40 11.8921672 5.82937081 5.05554234 4.98506741 4.98372887 5.03540177 5.60216913 10.0087753 30 
40 9.52960846 2.50753925 1.5914278 1.5071307 1.5055542 1.56795043 2.24751737 7.45228768 30 
40 9.2018572 2.07065751 1.13816553 1.0522486 1.05064713 1.11435236 1.80755792 7.10855275 30 
40 9.17087223 2.03031762 1.09643306 1.01037791 1.00877452 1.07259484 1.76699819 7.07650502 30 
40 9.17087223 2.03031762 1.09643306 1.01037791 1.00877452 1.07259484 1.76699819 7.07650502 30 
40 9.2018572 2.07065751 1.13816553 1.0522486 1.05064713 1.11435236 1.80755792 7.10855275 30 
40 9.52960846 2.50753925 1.5914278 1.5071307 1.5055542 1.56795043 2.24751737 7.45228768 30 
40 11.8921672 5.82937081 5.05554234 4.98506741 4.98372887 5.03540177 5.60216913 10.0087753 30 
30 20 20 20 20 20 20 20 20 25 

0.002701
30 20 20 20 20 20 20 20 20 25 
40 12.1652854 5.98963731 5.17576865 5.09922749 5.09772531 5.15381697 5.74961924 10.2346873 30 
40 9.78052226 2.59904256 1.63085646 1.53882558 1.53704754 1.60514848 2.32323574 7.64506137 30 
40 9.437599 2.13796838 1.15143157 1.05752509 1.05571712 1.12533292 1.8586956 7.28472442 30 
40 9.40406826 2.09397783 1.10582998 1.01175821 1.00994786 1.07970123 1.81444948 7.2499993 30 
40 9.40406826 2.09397783 1.10582998 1.01175821 1.00994786 1.07970123 1.81444948 7.2499993 30 
40 9.437599 2.13796838 1.15143157 1.05752509 1.05571712 1.12533292 1.8586956 7.28472442 30 
40 9.78052226 2.59904256 1.63085646 1.53882558 1.53704754 1.60514848 2.32323574 7.64506137 30 
40 12.1652854 5.98963731 5.17576865 5.09922749 5.09772531 5.15381697 5.74961924 10.2346873 30 
30 20 20 20 20 20 20 20 20 25 

0.002801
30 20 20 20 20 20 20 20 20 25 
40 12.4317661 6.14833927 5.29436726 5.21152633 5.20984812 5.27052479 5.89538093 10.4551102 30 
40 10.0274683 2.69197756 1.67124826 1.57113198 1.56913585 1.64319772 2.40013867 7.83494501 30 
40 9.66951301 2.2065717 1.16538447 1.06310946 1.06107771 1.13688221 1.91084892 7.4580885 30 
40 9.63335298 2.15877222 1.11573236 1.01326108 1.01122642 1.08719418 1.86275411 7.42059264 30 
40 9.63335298 2.15877222 1.11573236 1.01326108 1.01122642 1.08719418 1.86275411 7.42059264 30 
40 9.66951301 2.2065717 1.16538447 1.06310946 1.06107771 1.13688221 1.91084892 7.4580885 30 
40 10.0274683 2.69197756 1.67124826 1.57113198 1.56913585 1.64319772 2.40013867 7.83494501 30 
40 12.4317661 6.14833927 5.29436726 5.21152633 5.20984812 5.27052479 5.89538093 10.4551102 30 
30 20 20 20 20 20 20 20 20 25 

0.002901
30 20 20 20 20 20 20 20 20 25 
40 12.6918132 6.30547225 5.41137718 5.32200832 5.32014136 5.38556505 6.03946235 10.6702125 30 
40 10.270514 2.78625741 1.71257611 1.60402642 1.60179508 1.68207109 2.47815432 8.02198272 30 
40 9.89768403 2.27641174 1.18002662 1.06900621 1.06673277 1.14900222 1.96397644 7.62870767 30 
40 9.85881446 2.22464757 1.12614389 1.01489199 1.012615 1.09507693 1.91187296 7.58835078 30 
40 9.85881446 2.22464757 1.12614389 1.01489199 1.012615 1.09507693 1.91187296 7.58835078 30 
40 9.89768403 2.27641174 1.18002662 1.06900621 1.06673277 1.14900222 1.96397644 7.62870767 30 
40 10.270514 2.78625741 1.71257611 1.60402642 1.60179508 1.68207109 2.47815432 8.02198272 30 
40 12.6918132 6.30547225 5.41137718 5.32200832 5.32014136 5.38556505 6.03946235 10.6702125 30 
30 20 20 20 20 20 20 20 20 25 

0.003001
30 20 20 20 20 20 20 20 20 25 
40 12.9456236 6.46103347 5.52683602 5.43071668 5.42864795 5.49897627 6.18187264 10.880157 30 
40 10.5097263 2.88179843 1.75481331 1.63748629 1.63500207 1.72174203 2.55721343 8.20621844 30 
40 10.1221946 2.34743441 1.1953596 1.07521956 1.07268588 1.1616943 2.0180379 7.79664286 30 
40 10.0805385 2.29155258 1.13706776 1.01665638 1.01411842 1.10335236 1.96176828 7.75333779 30 
40 10.0805385 2.29155258 1.13706776 1.01665638 1.01411842 1.10335236 1.96176828 7.75333779 30 
40 10.1221946 2.34743441 1.1953596 1.07521956 1.07268588 1.1616943 2.0180379 7.79664286 30 
40 10.5097263 2.88179843 1.75481331 1.63748629 1.63500207 1.72174203 2.55721343 8.20621844 30 
40 12.9456236 6.46103347 5.52683602 5.43071668 5.42864795 5.49897627 6.18187264 10.880157 30 
30 20 20 20 20 20 20 20 20 25 

0.003101
30 20 20 20 20 20 20 20 20 25 
40 13.1933869 6.61502169 5.64078012 5.53769353 5.53540971 5.61079573 6.32262181 11.0851004 30 
40 10.7451713 2.97852003 1.79793357 1.67148982 1.66873452 1.76218451 2.63724934 8.38769586 30 
40 10.3431249 2.41958723 1.21138424 1.08175344 1.07894039 1.17495919 2.07299415 7.9619533 30 
40 10.2986088 2.35943776 1.14850662 1.01855964 1.01574143 1.11202292 2.01240369 7.91561609 30 
40 10.2986088 2.35943776 1.14850662 1.01855964 1.01574143 1.11202292 2.01240369 7.91561609 30 
40 10.3431249 2.41958723 1.21138424 1.08175344 1.07894039 1.17495919 2.07299415 7.9619533 30 
40 10.7451713 2.97852003 1.79793357 1.67148982 1.66873452 1.76218451 2.63724934 8.38769586 30 
40 13.1933869 6.61502169 5.64078012 5.53769353 5.53540971 5.61079573 6.32262181 11.0851004 30 
30 20 20 20 20 20 20 20 20 25 

0.003201
30 20 20 20 20 20 20 20 20 25 
40 13.4352861 6.76743708 5.75324455 5.64297988 5.64046739 5.72105953 6.46172072 11.2851942 30 
40 10.9769142 3.07634462 1.84191098 1.70601607 1.70297098 1.80337305 2.71819784 8.56645839 30 
40 10.560553 2.49281928 1.22810066 1.08861153 1.08549936 1.188797 2.12880717 8.12469659 30 
40 10.5131067 2.42825539 1.16046264 1.02060709 1.01748877 1.12109073 2.06374411 8.07524648 30 
40 10.5131067 2.42825539 1.16046264 1.02060709 1.01748877 1.12109073 2.06374411 8.07524648 30 
40 10.560553 2.49281928 1.22810066 1.08861153 1.08549936 1.188797 2.12880717 8.12469659 30 
40 10.9769142 3.07634462 1.84191098 1.70601607 1.70297098 1.80337305 2.71819784 8.56645839 30 
40 13.4352861 6.76743708 5.75324455 5.64297988 5.64046739 5.72105953 6.46172072 11.2851942 30 
30 20 20 20 20 20 20 20 20 25 

0.003301
30 20 20 20 20 20 20 20 20 25 
40 13.6714977 6.91828113 5.86426318 5.74661568 5.7438607 5.82980264 6.59918094 11.4805843 30 
40 11.2050196 3.1751975 1.88672005 1.74104486 1.73769078 1.84528266 2.79999712 8.74254915 30 
40 10.7745551 2.56708116 1.24550829 1.09579722 1.09236564 1.20320733 2.18543999 8.28492872 30 
40 10.7241117 2.49795943 1.17293753 1.02280401 1.01936513 1.13055755 2.1157557 8.23228824 30 
40 10.7241117 2.49795943 1.17293753 1.02280401 1.01936513 1.13055755 2.1157557 8.23228824 30 
40 10.7745551 2.56708116 1.24550829 1.09579722 1.09236564 1.20320733 2.18543999 8.28492872 30 
40 11.2050196 3.1751975 1.88672005 1.74104486 1.73769078 1.84528266 2.79999712 8.74254915 30 
40 13.6714977 6.91828113 5.86426318 5.74661568 5.7438607 5.82980264 6.59918094 11.4805843 30 
30 20 20 20 20 20 20 20 20 25 

0.003401
30 20 20 20 20 20 20 20 20 25 
40 13.9021922 7.06755654 5.97386876 5.84863986 5.84562832 5.93705894 6.73501475 11.6714114 30 
40 11.4295513 3.27500678 1.9323357 1.77655676 1.77287403 1.88788889 2.88258771 8.91601089 30 
40 10.9852049 2.64232498 1.26360594 1.10331367 1.09954182 1.21818923 2.24285671 8.44270418 30 
40 10.931701 2.5685055 1.18593256 1.02515561 1.02137513 1.1404248 2.16840586 8.3867991 30 
40 10.931701 2.5685055 1.18593256 1.02515561 1.02137513 1.1404248 2.16840586 8.3867991 30 
40 10.9852049 2.64232498 1.26360594 1.10331367 1.09954182 1.21818923 2.24285671 8.44270418 30 
40 11.4295513 3.27500678 1.9323357 1.77655676 1.77287403 1.88788889 2.88258771 8.91601089 30 
40 13.9021922 7.06755654 5.97386876 5.84863986 5.84562832 5.93705894 6.73501475 11.6714114 30 
30 20 20 20 20 20 20 20 20 25 

0.003501
30 20 20 20 20 20 20 20 20 25 
40 14.1275338 7.21526718 6.08209291 5.94909031 5.94580793 6.04286125 6.86923502 11.8578117 30 
40 11.650572 3.37570329 1.97873323 1.81253308 1.80850158 1.93116777 2.96591237 9.08688603 30 
40 11.1925746 2.71850425 1.2823918 1.11116378 1.10703027 1.23374125 2.30102245 8.59807594 30 
40 11.1359503 2.63985078 1.19944858 1.02766701 1.02352339 1.15069359 2.22166312 8.53883535 30 
40 11.1359503 2.63985078 1.19944858 1.02766701 1.02352339 1.15069359 2.22166312 8.53883535 30 
40 11.1925746 2.71850425 1.2823918 1.11116378 1.10703027 1.23374125 2.30102245 8.59807594 30 
40 11.650572 3.37570329 1.97873323 1.81253308 1.80850158 1.93116777 2.96591237 9.08688603 30 
40 14.1275338 7.21526718 6.08209291 5.94909031 5.94580793 6.04286125 6.86923502 11.8578117 30 
30 20 20 20 20 20 20 20 20 25 

0.003601
30 20 20 20 20 20 20 20 20 25 
40 14.3476813 7.36141795 6.18896622 6.04800396 6.04443626 6.1472414 7.00185519 12.0399162 30 
40 11.868144 3.4772205 2.02588836 1.84895579 1.84455499 1.97509585 3.04991607 9.25521657 30 
40 11.3967343 2.79557389 1.30186351 1.11935021 1.11483317 1.24986148 2.35990332 8.75109557 30 
40 11.3369328 2.711954 1.21348602 1.03034328 1.02581442 1.16136474 2.27549717 8.68845181 30 
40 11.3369328 2.711954 1.21348602 1.03034328 1.02581442 1.16136474 2.27549717 8.68845181 30 
40 11.3967343 2.79557389 1.30186351 1.11935021 1.11483317 1.24986148 2.35990332 8.75109557 30 
40 11.868144 3.4772205 2.02588836 1.84895579 1.84455499 1.97509585 3.04991607 9.25521657 30 
40 14.3476813 7.36141795 6.18896622 6.04800396 6.04443626 6.1472414 7.00185519 12.0399162 30 
30 20 20 20 20 20 20 20 20 25 

0.003701
30 20 20 20 20 20 20 20 20 25 
40 14.5627878 7.50601471 6.29451828 6.14541677 6.1415491 6.25023025 7.1328892 12.2178517 30 
40 12.0823284 3.57949445 2.07377724 1.88580754 1.8810165 2.01965017 3.13454589 9.4210441 30 
40 11.5977522 2.87349021 1.32201817 1.12787541 1.12295244 1.26654756 2.41946641 8.90181324 30 
40 11.5347202 2.78477533 1.22804495 1.0331894 1.02825271 1.17243876 2.32987877 8.83570193 30 
40 11.5347202 2.78477533 1.22804495 1.0331894 1.02825271 1.17243876 2.32987877 8.83570193 30 
40 11.5977522 2.87349021 1.32201817 1.12787541 1.12295244 1.26654756 2.41946641 8.90181324 30 
40 12.0823284 3.57949445 2.07377724 1.88580754 1.8810165 2.01965017 3.13454589 9.4210441 30 
40 14.5627878 7.50601471 6.29451828 6.14541677 6.1415491 6.25023025 7.1328892 12.2178517 30 
30 20 20 20 20 20 20 20 20 25 

0.003801
30 20 20 20 20 20 20 20 20 25 
40 14.7730013 7.64906423 6.39877771 6.24136376 6.23718131 6.35185771 7.26235144 12.3917403 30 
40 12.2931854 3.68246362 2.12237638 1.92307161 1.91786901 2.06480825 3.21975092 9.58440979 30 
40 11.7956948 2.95221082 1.34285236 1.13674157 1.13138984 1.28379675 2.47967974 9.05027778 30 
40 11.7293823 2.8582764 1.24312509 1.03621026 1.03084266 1.1839159 2.38477974 8.98063781 30 
40 11.7293823 2.8582764 1.24312509 1.03621026 1.03084266 1.1839159 2.38477974 8.98063781 30 
40 11.7956948 2.95221082 1.34285236 1.13674157 1.13138984 1.28379675 2.47967974 9.05027778 30 
40 12.2931854 3.68246362 2.12237638 1.92307161 1.91786901 2.06480825 3.21975092 9.58440979 30 
40 14.7730013 7.64906423 6.39877771 6.24136376 6.23718131 6.35185771 7.26235144 12.3917403 30 
30 20 20 20 20 20 20 20 20 25 

0.003901
30 20 20 20 20 20 20 20 20 25 
40 14.9784644 7.79057411 6.50177221 6.33587906 6.33136686 6.45215283 7.3902567 12.5617003 30 
40 12.5007745 3.78606891 2.17166273 1.96073188 1.95509607 2.11054812 3.30548229 9.74535434 30 
40 11.9906268 3.03169462 1.36436221 1.1459507 1.14014692 1.30160587 2.54051228 9.19653674 30 
40 11.9209871 2.9324202 1.25872579 1.03941068 1.03358861 1.19579616 2.44017291 9.12331021 30 
40 11.9209871 2.9324202 1.25872579 1.03941068 1.03358861 1.19579616 2.44017291 9.12331021 30 
40 11.9906268 3.03169462 1.36436221 1.1459507 1.14014692 1.30160587 2.54051228 9.19653674 30 
40 12.5007745 3.78606891 2.17166273 1.96073188 1.95509607 2.11054812 3.30548229 9.74535434 30 
40 14.9784644 7.79057411 6.50177221 6.33587906 6.33136686 6.45215283 7.3902567 12.5617003 30 
30 20 20 20 20 20 20 20 20 25 

0.004001
30 20 20 20 20 20 20 20 20 25 
40 15.1793153 7.9305527 6.60352861 6.42899588 6.42413887 6.55114378 7.51662013 12.7278457 30 
40 12.7051542 3.89025354 2.22161365 1.99877283 1.99268181 2.15684825 3.391693 9.90391798 30 
40 12.1826115 3.11190177 1.38654339 1.15550459 1.14922503 1.31997142 2.60193389 9.34063638 30 
40 12.109601 3.00717103 1.2748461 1.04279537 1.03649485 1.20807928 2.49603207 9.26376862 30 
40 12.109601 3.00717103 1.2748461 1.04279537 1.03649485 1.20807928 2.49603207 9.26376862 30 
40 12.1826115 3.11190177 1.38654339 1.15550459 1.14922503 1.31997142 2.60193389 9.34063638 30 
40 12.7051542 3.89025354 2.22161365 1.99877283 1.99268181 2.15684825 3.391693 9.90391798 30 
40 15.1793153 7.9305527 6.60352861 6.42899588 6.42413887 6.55114378 7.51662013 12.7278457 30 
30 20 20 20 20 20 20 20 20 25 

0.004101
30 20 20 20 20 20 20 20 20 25 
40 15.375687 8.06900905 6.70407287 6.52074662 6.51552959 6.6488579 7.6414572 12.8902866 30 
40 12.9063823 3.99496295 2.27220688 2.0371795 2.03061096 2.20368762 3.47833793 10.0601405 30 
40 12.3717102 3.19279367 1.40939117 1.16540481 1.15862537 1.33888953 2.66391529 9.48262179 30 
40 12.2952887 3.0824945 1.29148475 1.04636897 1.03956557 1.22076477 2.55233197 9.40206128 30 
40 12.2952887 3.0824945 1.29148475 1.04636897 1.03956557 1.22076477 2.55233197 9.40206128 30 
40 12.3717102 3.19279367 1.40939117 1.16540481 1.15862537 1.33888953 2.66391529 9.48262179 30 
40 12.9063823 3.99496295 2.27220688 2.0371795 2.03061096 2.20368762 3.47833793 10.0601405 30 
40 15.375687 8.06900905 6.70407287 6.52074662 6.51552959 6.6488579 7.6414572 12.8902866 30 
30 20 20 20 20 20 20 20 20 25 

0.004201
30 20 20 20 20 20 20 20 20 25 
40 15.5677084 8.20595285 6.80343015 6.61116278 6.60557045 6.74532176 7.76478364 13.0491294 30 
40 13.1045154 4.10014476 2.32342059 2.07593747 2.06886882 2.25104565 3.56537374 10.2140611 30 
40 12.5579828 3.27433289 1.43290041 1.17565276 1.16834894 1.35835601 2.72642809 9.62253685 30 
40 12.4781131 3.15835742 1.30864019 1.05013599 1.0428049 1.23385191 2.60904827 9.53823519 30 
40 12.4781131 3.15835742 1.30864019 1.05013599 1.0428049 1.23385191 2.60904827 9.53823519 30 
40 12.5579828 3.27433289 1.43290041 1.17565276 1.16834894 1.35835601 2.72642809 9.62253685 30 
40 13.1045154 4.10014476 2.32342059 2.07593747 2.06886882 2.25104565 3.56537374 10.2140611 30 
40 15.5677084 8.20595285 6.80343015 6.61116278 6.60557045 6.74532176 7.76478364 13.0491294 30 
30 20 20 20 20 20 20 20 20 25 

0.004301
30 20 20 20 20 20 20 20 20 25 
40 15.7555037 8.34139438 6.90162484 6.70027509 6.69429208 6.84056113 7.88661545 13.2044771 30 
40 13.2996093 4.20574869 2.37523334 2.11503284 2.10744121 2.29890223 3.65275885 10.3657186 30 
40 12.7414878 3.35648314 1.45706562 1.18624963 1.17839657 1.3783664 2.78944471 9.76042431 30 
40 12.6581357 3.23472782 1.32631057 1.05410087 1.04621688 1.24733979 2.6661575 9.67233621 30 
40 12.6581357 3.23472782 1.32631057 1.05410087 1.04621688 1.24733979 2.6661575 9.67233621 30 
40 12.7414878 3.35648314 1.45706562 1.18624963 1.17839657 1.3783664 2.78944471 9.76042431 30 
40 13.2996093 4.20574869 2.37523334 2.11503284 2.10744121 2.29890223 3.65275885 10.3657186 30 
40 15.7555037 8.34139438 6.90162484 6.70027509 6.69429208 6.84056113 7.88661545 13.2044771 30 
30 20 20 20 20 20 20 20 20 25 

0.004401
30 20 20 20 20 20 20 20 20 25 
40 15.9391932 8.47534445 6.99868056 6.78811345 6.78172435 6.93460106 8.0069688 13.3564289 30 
40 13.4917191 4.31172648 2.42762409 2.1544522 2.14631449 2.34723769 3.74045333 10.5151512 30 
40 12.922282 3.4392093 1.48188096 1.19719644 1.18876896 1.39891594 2.85293838 9.89632582 30 
40 12.8354163 3.31157487 1.34449382 1.05826794 1.04980549 1.26122727 2.72363703 9.80440902 30 
40 12.8354163 3.31157487 1.34449382 1.05826794 1.04980549 1.26122727 2.72363703 9.80440902 30 
40 12.922282 3.4392093 1.48188096 1.19719644 1.18876896 1.39891594 2.85293838 9.89632582 30 
40 13.4917191 4.31172648 2.42762409 2.1544522 2.14631449 2.34723769 3.74045333 10.5151512 30 
40 15.9391932 8.47534445 6.99868056 6.78811345 6.78172435 6.93460106 8.0069688 13.3564289 30 
30 20 20 20 20 20 20 20 20 25 

0.004501
30 20 20 20 20 20 20 20 20 25 
40 16.1188929 8.60781436 7.09462024 6.87470701 6.86789633 7.0274659 8.12586006 13.505081 30 
40 13.6808987 4.41803185 2.48057221 2.19418263 2.18547551 2.39603283 3.82841888 10.6623967 30 
40 13.1004209 3.5224773 1.5073403 1.20849404 1.19946662 1.41999959 2.91688315 10.030282 30 
40 13.0100136 3.38886885 1.36318758 1.06264142 1.05357461 1.27551303 2.78146507 9.93449719 30 
40 13.0100136 3.38886885 1.36318758 1.06264142 1.05357461 1.27551303 2.78146507 9.93449719 30 
40 13.1004209 3.5224773 1.5073403 1.20849404 1.19946662 1.41999959 2.91688315 10.030282 30 
40 13.6808987 4.41803185 2.48057221 2.19418263 2.18547551 2.39603283 3.82841888 10.6623967 30 
40 16.1188929 8.60781436 7.09462024 6.87470701 6.86789633 7.0274659 8.12586006 13.505081 30 
30 20 20 20 20 20 20 20 20 25 

0.004601
30 20 20 20 20 20 20 20 20 25 
40 16.2947154 8.73881586 7.18946609 6.96008416 6.95283638 7.1191793 8.24330574 13.6505263 30 
40 13.8672012 4.52462038 2.53405746 2.23421166 2.22491161 2.44526886 3.91661879 10.8074922 30 
40 13.2759585 3.60625416 1.53343718 1.22014309 1.21048992 1.44161212 2.98125381 10.1623323 30 
40 13.1819843 3.46658113 1.38238929 1.06722545 1.05752803 1.2901956 2.8396206 10.0626432 30 
40 13.1819843 3.46658113 1.38238929 1.06722545 1.05752803 1.2901956 2.8396206 10.0626432 30 
40 13.2759585 3.60625416 1.53343718 1.22014309 1.21048992 1.44161212 2.98125381 10.1623323 30 
40 13.8672012 4.52462038 2.53405746 2.23421166 2.22491161 2.44526886 3.91661879 10.8074922 30 
40 16.2947154 8.73881586 7.18946609 6.96008416 6.95283638 7.1191793 8.24330574 13.6505263 30 
30 20 20 20 20 20 20 20 20 25 

0.004701
30 20 20 20 20 20 20 20 20 25 
40 16.466769 8.86836107 7.28323969 7.04427254 7.03657212 7.20976424 8.35932246 13.7928544 30 
40 14.050679 4.63144951 2.58805999 2.27452726 2.26461058 2.49492745 4.00501783 10.9504745 30 
40 13.4489477 3.69050793 1.5601649 1.23214409 1.2218391 1.46374803 3.04602592 10.2925153 30 
40 13.351384 3.54468409 1.40209615 1.07202402 1.06166949 1.30527329 2.89808335 10.1888885 30 
40 13.351384 3.54468409 1.40209615 1.07202402 1.06166949 1.30527329 2.89808335 10.1888885 30 
40 13.4489477 3.69050793 1.5601649 1.23214409 1.2218391 1.46374803 3.04602592 10.2925153 30 
40 14.050679 4.63144951 2.58805999 2.27452726 2.26461058 2.49492745 4.00501783 10.9504745 30 
40 16.466769 8.86836107 7.28323969 7.04427254 7.03657212 7.20976424 8.35932246 13.7928544 30 
30 20 20 20 20 20 20 20 20 25 

0.004801
30 20 20 20 20 20 20 20 20 25 
40 16.6351587 8.9964625 7.37596195 7.12729909 7.11913049 7.2992431 8.47392695 13.9321522 30 
40 14.2313833 4.73847843 2.64256037 2.31511785 2.30456067 2.54499068 4.09358227 11.0913796 30 
40 13.6194397 3.77520766 1.58751647 1.24449738 1.23351425 1.48640164 3.11117578 10.4208686 30 
40 13.5182669 3.62315112 1.42230518 1.07704106 1.0660026 1.32074429 2.95683381 10.3132734 30 
40 13.5182669 3.62315112 1.42230518 1.07704106 1.0660026 1.32074429 2.95683381 10.3132734 30 
40 13.6194397 3.77520766 1.58751647 1.24449738 1.23351425 1.48640164 3.11117578 10.4208686 30 
40 14.2313833 4.73847843 2.64256037 2.31511785 2.30456067 2.54499068 4.09358227 11.0913796 30 
40 16.6351587 8.9964625 7.37596195 7.12729909 7.11913049 7.2992431 8.47392695 13.9321522 30 
30 20 20 20 20 20 20 20 20 25 

0.004901
30 20 20 20 20 20 20 20 20 25 
40 16.7999862 9.12313297 7.46765319 7.20919005 7.20053772 7.38763761 8.58713598 14.0685037 30 
40 14.4093647 4.84566806 2.69753953 2.35597222 2.34475055 2.59544108 4.18227976 11.2302431 30 
40 13.7874847 3.8603234 1.61548471 1.25720317 1.24551533 1.50956707 3.1766804 10.5474289 30 
40 13.6826859 3.7019566 1.44301316 1.08228036 1.0705309 1.33660661 3.01585317 10.4358373 30 
40 13.6826859 3.7019566 1.44301316 1.08228036 1.0705309 1.33660661 3.01585317 10.4358373 30 
40 13.7874847 3.8603234 1.61548471 1.25720317 1.24551533 1.50956707 3.1766804 10.5474289 30 
40 14.4093647 4.84566806 2.69753953 2.35597222 2.34475055 2.59544108 4.18227976 11.2302431 30 
40 16.7999862 9.12313297 7.46765319 7.20919005 7.20053772 7.38763761 8.58713598 14.0685037 30 
30 20 20 20 20 20 20 20 20 25 

0.005001
30 20 20 20 20 20 20 20 20 25 
40 16.9613496 9.2483856 7.55833315 7.28997097 7.28081939 7.47496892 8.69896639 14.20199 30 
40 14.5846726 4.95298095 2.75297879 2.39707958 2.38516929 2.64626154 4.27107933 11.3671002 30 
40 13.9531318 3.94582612 1.6440622 1.27026148 1.25784217 1.53323827 3.24251747 10.6722317 30 
40 13.8446924 3.7810758 1.46421674 1.08774562 1.07525785 1.35285814 3.0751233 10.5566187 30 
40 13.8446924 3.7810758 1.46421674 1.08774562 1.07525785 1.35285814 3.0751233 10.5566187 30 
40 13.9531318 3.94582612 1.6440622 1.27026148 1.25784217 1.53323827 3.24251747 10.6722317 30 
40 14.5846726 4.95298095 2.75297879 2.39707958 2.38516929 2.64626154 4.27107933 11.3671002 30 
40 16.9613496 9.2483856 7.55833315 7.28997097 7.28081939 7.47496892 8.69896639 14.20199 30 
30 20 20 20 20 20 20 20 20 25 

0.005101
30 20 20 20 20 20 20 20 20 25 
40 17.1193438 9.37223374 7.64802098 7.36966677 7.36000044 7.56125762 8.80943504 14.3326899 30 
40 14.7573558 5.06038124 2.80885987 2.43842951 2.42580638 2.69743542 4.35995135 11.5019853 30 
40 14.1164284 4.03168776 1.67324132 1.28367223 1.27049447 1.55740903 3.30866538 10.795312 30 
40 14.0043367 3.86048492 1.48591236 1.0934404 1.08018681 1.36949662 3.13462671 10.6756549 30 
40 14.0043367 3.86048492 1.48591236 1.0934404 1.08018681 1.36949662 3.13462671 10.6756549 30 
40 14.1164284 4.03168776 1.67324132 1.28367223 1.27049447 1.55740903 3.30866538 10.795312 30 
40 14.7573558 5.06038124 2.80885987 2.43842951 2.42580638 2.69743542 4.35995135 11.5019853 30 
40 17.1193438 9.37223374 7.64802098 7.36966677 7.36000044 7.56125762 8.80943504 14.3326899 30 
30 20 20 20 20 20 20 20 20 25 

0.005201
30 20 20 20 20 20 20 20 20 25 
40 17.274061 9.494691 7.73673529 7.44830169 7.43810517 7.64652374 8.9185588 14.4606792 30 
40 14.9274621 5.16783463 2.86516486 2.48001194 2.46665168 2.74894644 4.44886742 11.6349324 30 
40 14.2774213 4.11788112 1.7030143 1.29743516 1.28347183 1.58207298 3.37510318 10.9167036 30 
40 14.1616679 3.94016102 1.50809631 1.09936819 1.08532104 1.38651965 3.19434659 10.7929826 30 
40 14.1616679 3.94016102 1.50809631 1.09936819 1.08532104 1.38651965 3.19434659 10.7929826 30 
40 14.2774213 4.11788112 1.7030143 1.29743516 1.28347183 1.58207298 3.37510318 10.9167036 30 
40 14.9274621 5.16783463 2.86516486 2.48001194 2.46665168 2.74894644 4.44886742 11.6349324 30 
40 17.274061 9.494691 7.73673529 7.44830169 7.43810517 7.64652374 8.9185588 14.4606792 30 
30 20 20 20 20 20 20 20 20 25 

0.005301
30 20 20 20 20 20 20 20 20 25 
40 17.4255899 9.61577116 7.82449419 7.52589938 7.51515725 7.73078676 9.02635451 14.5860315 30 
40 15.0950385 5.27530828 2.92187623 2.52181716 2.50769542 2.80077874 4.53780041 11.765975 30 
40 14.4361559 4.20437991 1.73337317 1.31154991 1.29677372 1.60722364 3.44181055 11.0364397 30 
40 14.3167337 4.020082 1.53076473 1.10553233 1.09066373 1.40392475 3.25426672 10.9086374 30 
40 14.3167337 4.020082 1.53076473 1.10553233 1.09066373 1.40392475 3.25426672 10.9086374 30 
40 14.4361559 4.20437991 1.73337317 1.31154991 1.29677372 1.60722364 3.44181055 11.0364397 30 
40 15.0950385 5.27530828 2.92187623 2.52181716 2.50769542 2.80077874 4.53780041 11.765975 30 
40 17.4255899 9.61577116 7.82449419 7.52589938 7.51515725 7.73078676 9.02635451 14.5860315 30 
30 20 20 20 20 20 20 20 20 25 

0.005401
30 20 20 20 20 20 20 20 20 25 
40 17.5740166 9.73548817 7.91131526 7.60248286 7.59117977 7.81406569 9.13283901 14.708818 30 
40 15.2601311 5.38277081 2.97897681 2.56383579 2.54892816 2.85291682 4.62672435 11.8951459 30 
40 14.5926763 4.29115867 1.76430984 1.32601597 1.31039951 1.63285439 3.50876782 11.1545527 30 
40 14.4695808 4.10022657 1.55391363 1.11193608 1.09621795 1.42170928 3.31437146 11.022654 30 
40 14.4695808 4.10022657 1.55391363 1.11193608 1.09621795 1.42170928 3.31437146 11.022654 30 
40 14.5926763 4.29115867 1.76430984 1.32601597 1.31039951 1.63285439 3.50876782 11.1545527 30 
40 15.2601311 5.38277081 2.97897681 2.56383579 2.54892816 2.85291682 4.62672435 11.8951459 30 
40 17.5740166 9.73548817 7.91131526 7.60248286 7.59117977 7.81406569 9.13283901 14.708818 30 
30 20 20 20 20 20 20 20 20 25 

0.005501
30 20 20 20 20 20 20 20 20 25 
40 17.7194246 9.85385615 7.99721561 7.67807456 7.66619524 7.89637899 9.23802908 14.8291076 30 
40 15.4227851 5.49019219 3.03644983 2.60605878 2.59034084 2.90534559 4.71561442 12.0224775 30 
40 14.747026 4.37819278 1.79581607 1.34083271 1.32434845 1.65895852 3.57595591 11.271074 30 
40 14.6202548 4.18057422 1.57753886 1.11858257 1.10198671 1.43987052 3.37464577 11.1350662 30 
40 14.6202548 4.18057422 1.57753886 1.11858257 1.10198671 1.43987052 3.37464577 11.1350662 30 
40 14.747026 4.37819278 1.79581607 1.34083271 1.32434845 1.65895852 3.57595591 11.271074 30 
40 15.4227851 5.49019219 3.03644983 2.60605878 2.59034084 2.90534559 4.71561442 12.0224775 30 
40 17.7194246 9.85385615 7.99721561 7.67807456 7.66619524 7.89637899 9.23802908 14.8291076 30 
30 20 20 20 20 20 20 20 20 25 

0.005601
30 20 20 20 20 20 20 20 20 25 
40 17.8618944 9.97088932 8.08221186 7.75269634 7.74022561 7.97774469 9.34194146 14.9469672 30 
40 15.583045 5.59754375 3.09427884 2.64847737 2.63192469 2.95805033 4.8044469 12.1480017 30 
40 14.899247 4.46545844 1.82788352 1.3559994 1.33861972 1.6855292 3.64335635 11.3860343 30 
40 14.7688 4.26110521 1.60163617 1.12547483 1.10797289 1.45840566 3.43507514 11.2459073 30 
40 14.7688 4.26110521 1.60163617 1.12547483 1.10797289 1.45840566 3.43507514 11.2459073 30 
40 14.899247 4.46545844 1.82788352 1.3559994 1.33861972 1.6855292 3.64335635 11.3860343 30 
40 15.583045 5.59754375 3.09427884 2.64847737 2.63192469 2.95805033 4.8044469 12.1480017 30 
40 17.8618944 9.97088932 8.08221186 7.75269634 7.74022561 7.97774469 9.34194146 14.9469672 30 
30 20 20 20 20 20 20 20 20 25 

0.005701
30 20 20 20 20 20 20 20 20 25 
40 18.0015043 10.086602 8.16632022 7.82636949 7.81329225 8.05818031 9.44459281 15.0624611 30 
40 15.7409545 5.70479809 3.1524478 2.69108312 2.67367127 3.01101667 4.89319916 12.2717497 30 
40 15.0493807 4.5529326 1.86050373 1.37151517 1.35321238 1.71255955 3.71095124 11.4994638 30 
40 14.9152597 4.34180052 1.62620119 1.13261576 1.1141793 1.47731176 3.4956456 11.3552094 30 
40 14.9152597 4.34180052 1.62620119 1.13261576 1.1141793 1.47731176 3.4956456 11.3552094 30 
40 15.0493807 4.5529326 1.86050373 1.37151517 1.35321238 1.71255955 3.71095124 11.4994638 30 
40 15.7409545 5.70479809 3.1524478 2.69108312 2.67367127 3.01101667 4.89319916 12.2717497 30 
40 18.0015043 10.086602 8.16632022 7.82636949 7.81329225 8.05818031 9.44459281 15.0624611 30 
30 20 20 20 20 20 20 20 20 25 

0.005801
30 20 20 20 20 20 20 20 20 25 
40 18.1383297 10.2010086 8.24955641 7.89911477 7.88541601 8.13770297 9.54599971 15.175652 30 
40 15.8965562 5.81192906 3.210941 2.73386785 2.71557245 3.06423064 4.98184956 12.3937524 30 
40 15.1974672 4.64059301 1.89366814 1.38737905 1.36812539 1.74004257 3.77872327 11.6113917 30 
40 15.0596763 4.42264182 1.65122945 1.14000817 1.12060865 1.49658584 3.55634372 11.4630041 30 
40 15.0596763 4.42264182 1.65122945 1.14000817 1.12060865 1.49658584 3.55634372 11.4630041 30 
40 15.1974672 4.64059301 1.89366814 1.38737905 1.36812539 1.74004257 3.77872327 11.6113917 30 
40 15.8965562 5.81192906 3.210941 2.73386785 2.71557245 3.06423064 4.98184956 12.3937524 30 
40 18.1383297 10.2010086 8.24955641 7.89911477 7.88541601 8.13770297 9.54599971 15.175652 30 
30 20 20 20 20 20 20 20 20 25 

0.005901
30 20 20 20 20 20 20 20 20 25 
40 18.272444 10.3141236 8.33193579 7.9709524 7.95661722 8.2163293 9.64617866 15.2866006 30 
40 16.0498923 5.91891171 3.26974307 2.77682369 2.75762037 3.11767859 5.07037747 12.5140399 30 
40 15.3435458 4.72841813 1.92736814 1.40358997 1.38335765 1.76797124 3.84665564 11.7218465 30 
40 15.2020909 4.50361148 1.67671635 1.14765473 1.12726357 1.5162248 3.61715652 11.569322 30 
40 15.2020909 4.50361148 1.67671635 1.14765473 1.12726357 1.5162248 3.61715652 11.569322 30 
40 15.3435458 4.72841813 1.92736814 1.40358997 1.38335765 1.76797124 3.84665564 11.7218465 30 
40 16.0498923 5.91891171 3.26974307 2.77682369 2.75762037 3.11767859 5.07037747 12.5140399 30 
40 18.272444 10.3141236 8.33193579 7.9709524 7.95661722 8.2163293 9.64617866 15.2866006 30 
30 20 20 20 20 20 20 20 20 25 

0.006001
30 20 20 20 20 20 20 20 20 25 
40 18.4039182 10.4259616 8.41347327 8.04190208 8.02691571 8.29407556 9.74514604 15.3953654 30 
40 16.201004 6.02572222 3.32883902 2.81994299 2.79980746 3.17134723 5.15876322 12.632642 30 
40 15.4876548 4.81638716 1.96159502 1.42014673 1.39890794 1.79633846 3.91473212 11.8308562 30 
40 15.3425439 4.58469252 1.70265725 1.15555805 1.13414657 1.53622548 3.67807153 11.6741932 30 
40 15.3425439 4.58469252 1.70265725 1.15555805 1.13414657 1.53622548 3.67807153 11.6741932 30 
40 15.4876548 4.81638716 1.96159502 1.42014673 1.39890794 1.79633846 3.91473212 11.8308562 30 
40 16.201004 6.02572222 3.32883902 2.81994299 2.79980746 3.17134723 5.15876322 12.632642 30 
40 18.4039182 10.4259616 8.41347327 8.04190208 8.02691571 8.29407556 9.74514604 15.3953654 30 
30 20 20 20 20 20 20 20 20 25 

0.006101
30 20 20 20 20 20 20 20 20 25 
40 18.532821 10.536537 8.49418339 8.11198301 8.09633078 8.37095759 9.84291814 15.5020033 30 
40 16.3499315 6.13233791 3.38821417 2.8632184 2.84212643 3.22522363 5.24698805 12.749588 30 
40 15.6298317 4.90448 1.99634002 1.43704808 1.41477498 1.82513708 3.98293699 11.938448 30 
40 15.4810746 4.6658686 1.72904739 1.16372057 1.14126008 1.55658465 3.73907675 11.7776468 30 
40 15.4810746 4.6658686 1.72904739 1.16372057 1.14126008 1.55658465 3.73907675 11.7776468 30 
40 15.6298317 4.90448 1.99634002 1.43704808 1.41477498 1.82513708 3.98293699 11.938448 30 
40 16.3499315 6.13233791 3.38821417 2.8632184 2.84212643 3.22522363 5.24698805 12.749588 30 
40 18.532821 10.536537 8.49418339 8.11198301 8.09633078 8.37095759 9.84291814 15.5020033 30 
30 20 20 20 20 20 20 20 20 25 

0.006201
30 20 20 20 20 20 20 20 20 25 
40 18.659219 10.6458643 8.57408032 8.18121389 8.16488129 8.44699081 9.93951114 15.6065695 30 
40 16.4967147 6.23873716 3.44785421 2.90664277 2.88457023 3.27929519 5.33503409 12.8649064 30 
40 15.7701131 4.99267722 2.03159434 1.45429262 1.43095742 1.85435993 4.05125504 12.0446486 30 
40 15.6177212 4.74712398 1.75588193 1.17214466 1.14860645 1.57729902 3.80016061 11.8797114 30 
40 15.6177212 4.74712398 1.75588193 1.17214466 1.14860645 1.57729902 3.80016061 11.8797114 30 
40 15.7701131 4.99267722 2.03159434 1.45429262 1.43095742 1.85435993 4.05125504 12.0446486 30 
40 16.4967147 6.23873716 3.44785421 2.90664277 2.88457023 3.27929519 5.33503409 12.8649064 30 
40 18.659219 10.6458643 8.57408032 8.18121389 8.16488129 8.44699081 9.93951114 15.6065695 30 
30 20 20 20 20 20 20 20 20 25 

0.006301
30 20 20 20 20 20 20 20 20 25 
40 18.7831767 10.7539583 8.65317785 8.24961296 8.2325856 8.5221903 10.0349411 15.7091172 30 
40 16.6413924 6.34489937 3.50774515 2.95020923 2.92713207 3.33354962 5.42288432 12.9786256 30 
40 15.9085347 5.08096007 2.06734915 1.47187891 1.44745382 1.8839998 4.11967155 12.1494839 30 
40 15.7525213 4.82844353 1.78315599 1.18083258 1.15618791 1.59836522 3.86131197 11.9804149 30 
40 15.7525213 4.82844353 1.78315599 1.18083258 1.15618791 1.59836522 3.86131197 11.9804149 30 
40 15.9085347 5.08096007 2.06734915 1.47187891 1.44745382 1.8839998 4.11967155 12.1494839 30 
40 16.6413924 6.34489937 3.50774515 2.95020923 2.92713207 3.33354962 5.42288432 12.9786256 30 
40 18.7831767 10.7539583 8.65317785 8.24961296 8.2325856 8.5221903 10.0349411 15.7091172 30 
30 20 20 20 20 20 20 20 20 25 

0.006401
30 20 20 20 20 20 20 20 20 25 
40 18.9047568 10.8608334 8.73148944 8.31719798 8.29946162 8.59657074 10.1292238 15.8096983 30 
40 16.7840027 6.45080495 3.56787332 2.9939111 2.96980539 3.38797499 5.51052255 13.0907733 30 
40 16.0451313 5.16931042 2.10359557 1.48980539 1.46426267 1.91404945 4.18817229 12.2529793 30 
40 15.8855114 4.90981268 1.81086459 1.18978645 1.16400663 1.61977985 3.92252011 12.0797844 30 
40 15.8855114 4.90981268 1.81086459 1.18978645 1.16400663 1.61977985 3.92252011 12.0797844 30 
40 16.0451313 5.16931042 2.10359557 1.48980539 1.46426267 1.91404945 4.18817229 12.2529793 30 
40 16.7840027 6.45080495 3.56787332 2.9939111 2.96980539 3.38797499 5.51052255 13.0907733 30 
40 18.9047568 10.8608334 8.73148944 8.31719798 8.29946162 8.59657074 10.1292238 15.8096983 30 
30 20 20 20 20 20 20 20 20 25 

0.006501
30 20 20 20 20 20 20 20 20 25 
40 19.0240198 10.9665041 8.80902818 8.38398629 8.36552681 8.67014648 10.2223752 15.9083629 30 
40 16.9245832 6.55643528 3.6282254 3.03774193 3.01258388 3.44255967 5.59793338 13.2013766 30 
40 16.1799371 5.25771077 2.1403247 1.50807042 1.48138238 1.94450165 4.25674348 12.3551595 30 
40 16.0167271 4.99121741 1.83900272 1.19900833 1.17206465 1.64153944 3.98377473 12.1778466 30 
40 16.0167271 4.99121741 1.83900272 1.19900833 1.17206465 1.64153944 3.98377473 12.1778466 30 
40 16.1799371 5.25771077 2.1403247 1.50807042 1.48138238 1.94450165 4.25674348 12.3551595 30 
40 16.9245832 6.55643528 3.6282254 3.03774193 3.01258388 3.44255967 5.59793338 13.2013766 30 
40 19.0240198 10.9665041 8.80902818 8.38398629 8.36552681 8.67014648 10.2223752 15.9083629 30 
30 20 20 20 20 20 20 20 20 25 

0.006601
30 20 20 20 20 20 20 20 20 25 
40 19.1410247 11.0709848 8.88580687 8.44999474 8.43079822 8.74293151 10.3144108 16.0051597 30 
40 17.0631703 6.66177262 3.68878836 3.08169549 3.05546144 3.49729233 5.68510219 13.3104623 30 
40 16.3129854 5.34614426 2.17752766 1.52667229 1.49881133 1.97534912 4.32537183 12.4560488 30 
40 16.1462033 5.07264424 1.86756531 1.20850014 1.18036395 1.66364049 4.0450659 12.2746271 30 
40 16.1462033 5.07264424 1.86756531 1.20850014 1.18036395 1.66364049 4.0450659 12.2746271 30 
40 16.3129854 5.34614426 2.17752766 1.52667229 1.49881133 1.97534912 4.32537183 12.4560488 30 
40 17.0631703 6.66177262 3.68878836 3.08169549 3.05546144 3.49729233 5.68510219 13.3104623 30 
40 19.1410247 11.0709848 8.88580687 8.44999474 8.43079822 8.74293151 10.3144108 16.0051597 30 
30 20 20 20 20 20 20 20 20 25 

0.006701
30 20 20 20 20 20 20 20 20 25 
40 19.2558282 11.1742901 8.96183797 8.51523979 8.49529245 8.81493947 10.4053461 16.1001357 30 
40 17.1998003 6.76680017 3.7495495 3.12576574 3.09843217 3.55216197 5.77201506 13.4180567 30 
40 16.4443086 5.43459457 2.21519553 1.54560922 1.5165478 2.00658463 4.39404447 12.5556709 30 
40 16.273974 5.1540802 1.89654723 1.21826369 1.18890641 1.68607942 4.10638406 12.3701515 30 
40 16.273974 5.1540802 1.89654723 1.21826369 1.18890641 1.68607942 4.10638406 12.3701515 30 
40 16.4443086 5.43459457 2.21519553 1.54560922 1.5165478 2.00658463 4.39404447 12.5556709 30 
40 17.1998003 6.76680017 3.7495495 3.12576574 3.09843217 3.55216197 5.77201506 13.4180567 30 
40 19.2558282 11.1742901 8.96183797 8.51523979 8.49529245 8.81493947 10.4053461 16.1001357 30 
30 20 20 20 20 20 20 20 20 25 

0.006801
30 20 20 20 20 20 20 20 20 25 
40 19.3684859 11.2764343 9.03713364 8.57973748 8.5590257 8.88618371 10.4951965 16.1933367 30 
40 17.3345082 6.87150195 3.81049643 3.16994684 3.14149041 3.60715788 5.85865881 13.5241855 30 
40 16.5739385 5.52304599 2.25331943 1.56487933 1.53459004 2.03820093 4.46274896 12.6540487 30 
40 16.4000724 5.23551281 1.92594332 1.22830073 1.19769382 1.70885267 4.16772003 12.4644443 30 
40 16.4000724 5.23551281 1.92594332 1.22830073 1.19769382 1.70885267 4.16772003 12.4644443 30 
40 16.5739385 5.52304599 2.25331943 1.56487933 1.53459004 2.03820093 4.46274896 12.6540487 30 
40 17.3345082 6.87150195 3.81049643 3.16994684 3.14149041 3.60715788 5.85865881 13.5241855 30 
40 19.3684859 11.2764343 9.03713364 8.57973748 8.5590257 8.88618371 10.4951965 16.1933367 30 
30 20 20 20 20 20 20 20 20 25 

0.006901
30 20 20 20 20 20 20 20 20 25 
40 19.4790512 11.3774317 9.11170575 8.64350344 8.62201377 8.95667724 10.583977 16.2848071 30 
40 17.4673288 6.97586282 3.87161707 3.21423313 3.18463066 3.66226965 5.94502094 13.6288739 30 
40 16.7019064 5.61148336 2.29189045 1.5844807 1.55293621 2.07019076 4.53147329 12.751205 30 
40 16.5245308 5.31693009 1.95574839 1.23861285 1.20672787 1.73195659 4.22906497 12.5575296 30 
40 16.5245308 5.31693009 1.95574839 1.23861285 1.20672787 1.73195659 4.22906497 12.5575296 30 
40 16.7019064 5.61148336 2.29189045 1.5844807 1.55293621 2.07019076 4.53147329 12.751205 30 
40 17.4673288 6.97586282 3.87161707 3.21423313 3.18463066 3.66226965 5.94502094 13.6288739 30 
40 19.4790512 11.3774317 9.11170575 8.64350344 8.62201377 8.95667724 10.583977 16.2848071 30 
30 20 20 20 20 20 20 20 20 25 

0.007001
30 20 20 20 20 20 20 20 20 25 
40 19.5875762 11.4772965 9.18556588 8.70655289 8.68427206 9.02643278 10.6717028 16.3745898 30 
40 17.598296 7.07986843 3.93289963 3.25861914 3.22784765 3.71748714 6.03108958 13.732147 30 
40 16.8282423 5.69989204 2.33089973 1.60441132 1.57158445 2.10254691 4.60020585 12.8471617 30 
40 16.647381 5.39832051 1.9859572 1.24920158 1.21601018 1.75538754 4.29041037 12.6494309 30 
40 16.647381 5.39832051 1.9859572 1.24920158 1.21601018 1.75538754 4.29041037 12.6494309 30 
40 16.8282423 5.69989204 2.33089973 1.60441132 1.57158445 2.10254691 4.60020585 12.8471617 30 
40 17.598296 7.07986843 3.93289963 3.25861914 3.22784765 3.71748714 6.03108958 13.732147 30 
40 19.5875762 11.4772965 9.18556588 8.70655289 8.68427206 9.02643278 10.6717028 16.3745898 30 
30 20 20 20 20 20 20 20 20 25 

0.007101
30 20 20 20 20 20 20 20 20 25 
40 19.6941113 11.5760429 9.25872533 8.76890069 8.74581562 9.09546273 10.7583887 16.4627266 30 
40 17.7274429 7.18350518 3.99433263 3.30309957 3.27113625 3.77280052 6.11685353 13.834029 30 
40 16.9529762 5.78825795 2.37033843 1.62466913 1.59053284 2.13526218 4.66893545 12.9419404 30 
40 16.7686539 5.479673 2.0165645 1.26006833 1.22554227 1.77914181 4.35174806 12.7401713 30 
40 16.7686539 5.479673 2.0165645 1.26006833 1.22554227 1.77914181 4.35174806 12.7401713 30 
40 16.9529762 5.78825795 2.37033843 1.62466913 1.59053284 2.13526218 4.66893545 12.9419404 30 
40 17.7274429 7.18350518 3.99433263 3.30309957 3.27113625 3.77280052 6.11685353 13.834029 30 
40 19.6941113 11.5760429 9.25872533 8.76890069 8.74581562 9.09546273 10.7583887 16.4627266 30 
30 20 20 20 20 20 20 20 20 25 

0.007201
30 20 20 20 20 20 20 20 20 25 
40 19.7987055 11.6736849 9.33119515 8.83056131 8.80665909 9.16377924 10.8440493 16.549258 30 
40 17.8548022 7.28676023 4.05590485 3.34766929 3.31449154 3.82820023 6.20230216 13.9345439 30 
40 17.0761369 5.87656749 2.41019773 1.645252 1.60977939 2.16832939 4.73765126 13.0355623 30 
40 16.8883797 5.56097689 2.04756501 1.27121442 1.23532557 1.80321571 4.41307018 12.8297731 30 
40 16.8883797 5.56097689 2.04756501 1.27121442 1.23532557 1.80321571 4.41307018 12.8297731 30 
40 17.0761369 5.87656749 2.41019773 1.645252 1.60977939 2.16832939 4.73765126 13.0355623 30 
40 17.8548022 7.28676023 4.05590485 3.34766929 3.31449154 3.82820023 6.20230216 13.9345439 30 
40 19.7987055 11.6736849 9.33119515 8.83056131 8.80665909 9.16377924 10.8440493 16.549258 30 
30 20 20 20 20 20 20 20 20 25 

0.007301
30 20 20 20 20 20 20 20 20 25 
40 19.9014062 11.7702365 9.4029861 8.89154887 8.86681678 9.23139415 10.9286991 16.6342233 30 
40 17.9804059 7.38962143 4.1176054 3.39232332 3.35790876 3.88367695 6.28742546 14.0337152 30 
40 17.1977529 5.96480757 2.45046886 1.66615775 1.62932208 2.20174139 4.80634284 13.1280478 30 
40 17.0065878 5.64222197 2.07895342 1.28264107 1.24536144 1.8276055 4.47436918 12.9182583 30 
40 17.0065878 5.64222197 2.07895342 1.28264107 1.24536144 1.8276055 4.47436918 12.9182583 30 
40 17.1977529 5.96480757 2.45046886 1.66615775 1.62932208 2.20174139 4.80634284 13.1280478 30 
40 17.9804059 7.38962143 4.1176054 3.39232332 3.35790876 3.88367695 6.28742546 14.0337152 30 
40 19.9014062 11.7702365 9.4029861 8.89154887 8.86681678 9.23139415 10.9286991 16.6342233 30 
30 20 20 20 20 20 20 20 20 25 

0.007401
30 20 20 20 20 20 20 20 20 25 
40 20.0022597 11.8657115 9.47410872 8.95187713 8.92630264 9.29831905 11.0123526 16.7176606 30 
40 18.1042852 7.4920773 4.17942362 3.43705685 3.40138331 3.93922167 6.37221396 14.131566 30 
40 17.3178518 6.05296559 2.49114307 1.68738414 1.64915884 2.23549108 4.87500011 13.2194171 30 
40 17.123307 5.7233984 2.11072442 1.2943494 1.25565114 1.85230743 4.53563778 13.0056482 30 
40 17.123307 5.7233984 2.11072442 1.2943494 1.25565114 1.85230743 4.53563778 13.0056482 30 
40 17.3178518 6.05296559 2.49114307 1.68738414 1.64915884 2.23549108 4.87500011 13.2194171 30 
40 18.1042852 7.4920773 4.17942362 3.43705685 3.40138331 3.93922167 6.37221396 14.131566 30 
40 20.0022597 11.8657115 9.47410872 8.95187713 8.92630264 9.29831905 11.0123526 16.7176606 30 
30 20 20 20 20 20 20 20 20 25 

0.007501
30 20 20 20 20 20 20 20 20 25 
40 20.1013106 11.9601237 9.54457329 9.0115595 8.98513027 9.36456524 11.0950238 16.7996068 30 
40 18.2264709 7.59411705 4.24134918 3.48186521 3.44491077 3.99482561 6.45665873 14.2281189 30 
40 17.4364608 6.1410294 2.53221167 1.70892887 1.66928758 2.26957139 4.94361336 13.30969 30 
40 17.2385655 5.80449676 2.14287268 1.30634044 1.26619586 1.87731773 4.59686901 13.0919638 30 
40 17.2385655 5.80449676 2.14287268 1.30634044 1.26619586 1.87731773 4.59686901 13.0919638 30 
40 17.4364608 6.1410294 2.53221167 1.70892887 1.66928758 2.26957139 4.94361336 13.30969 30 
40 18.2264709 7.59411705 4.24134918 3.48186521 3.44491077 3.99482561 6.45665873 14.2281189 30 
40 20.1013106 11.9601237 9.54457329 9.0115595 8.98513027 9.36456524 11.0950238 16.7996068 30 
30 20 20 20 20 20 20 20 20 25 

0.007601
30 20 20 20 20 20 20 20 20 25 
40 20.1986024 12.0534868 9.61438987 9.07060907 9.04331295 9.43014381 11.1767268 16.8800981 30 
40 18.3469931 7.69573047 4.30337197 3.52674387 3.48848683 4.05048026 6.54075139 14.3233961 30 
40 17.5536064 6.22898731 2.57366603 1.7307896 1.68970614 2.30397528 5.0121732 13.3988856 30 
40 17.3523909 5.88550798 2.17539287 1.31861511 1.27699669 1.90263261 4.65805616 13.1772254 30 
40 17.3523909 5.88550798 2.17539287 1.31861511 1.27699669 1.90263261 4.65805616 13.1772254 30 
40 17.5536064 6.22898731 2.57366603 1.7307896 1.68970614 2.30397528 5.0121732 13.3988856 30 
40 18.3469931 7.69573047 4.30337197 3.52674387 3.48848683 4.05048026 6.54075139 14.3233961 30 
40 20.1986024 12.0534868 9.61438987 9.07060907 9.04331295 9.43014381 11.1767268 16.8800981 30 
30 20 20 20 20 20 20 20 20 25 

0.007701
30 20 20 20 20 20 20 20 20 25 
40 20.2941772 12.1458142 9.68356827 9.12903858 9.10086363 9.49506557 11.2574753 16.9591691 30 
40 18.4658813 7.79690799 4.36548218 3.57168846 3.53210736 4.10617735 6.62448401 14.4174194 30 
40 17.6693145 6.31682807 2.61549756 1.75296395 1.71041233 2.33869577 5.08067061 13.4870229 30 
40 17.4648098 5.96642336 2.20827966 1.33117427 1.28805464 1.9282483 4.71919279 13.2614529 30 
40 17.4648098 5.96642336 2.20827966 1.33117427 1.28805464 1.9282483 4.71919279 13.2614529 30 
40 17.6693145 6.31682807 2.61549756 1.75296395 1.71041233 2.33869577 5.08067061 13.4870229 30 
40 18.4658813 7.79690799 4.36548218 3.57168846 3.53210736 4.10617735 6.62448401 14.4174194 30 
40 20.2941772 12.1458142 9.68356827 9.12903858 9.10086363 9.49506557 11.2574753 16.9591691 30 
30 20 20 20 20 20 20 20 20 25 

0.007801
30 20 20 20 20 20 20 20 20 25 
40 20.3880761 12.2371195 9.75211809 9.18686047 9.15779495 9.5593411 11.3372831 17.0368538 30 
40 18.5831645 7.89764061 4.42767025 3.61669473 3.57576837 4.16190886 6.70784919 14.5102103 30 
40 17.7836104 6.40454087 2.65769773 1.77544947 1.73140394 2.37372594 5.14909688 13.5741201 30 
40 17.5758486 6.04723456 2.2415277 1.34401865 1.29937067 1.95416099 4.7802727 13.3446659 30 
40 17.5758486 6.04723456 2.2415277 1.34401865 1.29937067 1.95416099 4.7802727 13.3446659 30 
40 17.7836104 6.40454087 2.65769773 1.77544947 1.73140394 2.37372594 5.14909688 13.5741201 30 
40 18.5831645 7.89764061 4.42767025 3.61669473 3.57576837 4.16190886 6.70784919 14.5102103 30 
40 20.3880761 12.2371195 9.75211809 9.18686047 9.15779495 9.5593411 11.3372831 17.0368538 30 
30 20 20 20 20 20 20 20 20 25 

0.007901
30 20 20 20 20 20 20 20 20 25 
40 20.4803387 12.3274157 9.82004874 9.24408687 9.21411923 9.62298073 11.4161636 17.1131852 30 
40 18.6988709 7.99791988 4.48992687 3.66175855 3.61946598 4.217667 6.79083997 14.6017897 30 
40 17.8965189 6.49211529 2.70025809 1.79824369 1.75267871 2.4090589 5.21744361 13.6601954 30 
40 17.6855329 6.12793358 2.27513165 1.35714893 1.31094561 1.98036688 4.84128997 13.4268833 30 
40 17.6855329 6.12793358 2.27513165 1.35714893 1.31094561 1.98036688 4.84128997 13.4268833 30 
40 17.8965189 6.49211529 2.70025809 1.79824369 1.75267871 2.4090589 5.21744361 13.6601954 30 
40 18.6988709 7.99791988 4.48992687 3.66175855 3.61946598 4.217667 6.79083997 14.6017897 30 
40 20.4803387 12.3274157 9.82004874 9.24408687 9.21411923 9.62298073 11.4161636 17.1131852 30 
30 20 20 20 20 20 20 20 20 25 

0.008001
30 20 20 20 20 20 20 20 20 25 
40 20.5710038 12.4167162 9.88736938 9.30072961 9.26984851 9.6859946 11.4941301 17.1881951 30 
40 18.8130283 8.0977379 4.55224298 3.70687594 3.66319648 4.27344421 6.87344982 14.6921782 30 
40 18.0080643 6.57954135 2.74317023 1.82134409 1.77423436 2.44468783 5.28570271 13.7452663 30 
40 17.7938878 6.20851273 2.30908619 1.37056566 1.32278026 2.00686216 4.90223889 13.5081237 30 
40 17.7938878 6.20851273 2.30908619 1.37056566 1.32278026 2.00686216 4.90223889 13.5081237 30 
40 18.0080643 6.57954135 2.74317023 1.82134409 1.77423436 2.44468783 5.28570271 13.7452663 30 
40 18.8130283 8.0977379 4.55224298 3.70687594 3.66319648 4.27344421 6.87344982 14.6921782 30 
40 20.5710038 12.4167162 9.88736938 9.30072961 9.26984851 9.6859946 11.4941301 17.1881951 30 
30 20 20 20 20 20 20 20 20 25 

0.008101
30 20 20 20 20 20 20 20 20 25 
40 20.6601088 12.5050339 9.954089 9.35680021 9.32499452 9.7483926 11.5711958 17.2619146 30 
40 18.9256641 8.19708728 4.61460979 3.75204301 3.70695625 4.32923318 6.95567267 14.781396 30 
40 18.1182704 6.66680942 2.78642583 1.84474811 1.79606856 2.48060596 5.35386642 13.8293501 30 
40 17.9009377 6.28896465 2.34338598 1.38426935 1.3348753 2.03364302 4.96311398 13.5884053 30 
40 17.9009377 6.28896465 2.34338598 1.38426935 1.3348753 2.03364302 4.96311398 13.5884053 30 
40 18.1182704 6.66680942 2.78642583 1.84474811 1.79606856 2.48060596 5.35386642 13.8293501 30 
40 18.9256641 8.19708728 4.61460979 3.75204301 3.70695625 4.32923318 6.95567267 14.781396 30 
40 20.6601088 12.5050339 9.954089 9.35680021 9.32499452 9.7483926 11.5711958 17.2619146 30 
30 20 20 20 20 20 20 20 20 25 

0.008201
30 20 20 20 20 20 20 20 20 25 
40 20.7476902 12.5923817 10.0202164 9.41230994 9.37956873 9.81018441 11.6473735 17.3343739 30 
40 19.0368048 8.29596112 4.67701872 3.79725601 3.75074182 4.3850268 7.03750284 14.8694631 30 
40 18.2271603 6.75391028 2.83001665 1.86845316 1.81817898 2.51680659 5.42192723 13.9124636 30 
40 18.0067066 6.36928229 2.37802572 1.39826039 1.34723137 2.06070565 5.02390998 13.6677458 30 
40 18.0067066 6.36928229 2.37802572 1.39826039 1.34723137 2.06070565 5.02390998 13.6677458 30 
40 18.2271603 6.75391028 2.83001665 1.86845316 1.81817898 2.51680659 5.42192723 13.9124636 30 
40 19.0368048 8.29596112 4.67701872 3.79725601 3.75074182 4.3850268 7.03750284 14.8694631 30 
40 20.7476902 12.5923817 10.0202164 9.41230994 9.37956873 9.81018441 11.6473735 17.3343739 30 
30 20 20 20 20 20 20 20 20 25 

0.008301
30 20 20 20 20 20 20 20 20 25 
40 20.8337835 12.6787725 10.0857601 9.46726974 9.4335823 9.8713795 11.722676 17.4056023 30 
40 19.1464767 8.39435301 4.73946144 3.84251129 3.79454981 4.44081817 7.11893504 14.9563987 30 
40 18.3347568 6.84083506 2.87393449 1.89245662 1.84056325 2.55328307 5.48987795 13.9946234 30 
40 18.1112177 6.44945888 2.4130001 1.41253909 1.35984901 2.08804626 5.08462188 13.7461625 30 
40 18.1112177 6.44945888 2.4130001 1.41253909 1.35984901 2.08804626 5.08462188 13.7461625 30 
40 18.3347568 6.84083506 2.87393449 1.89245662 1.84056325 2.55328307 5.48987795 13.9946234 30 
40 19.1464767 8.39435301 4.73946144 3.84251129 3.79454981 4.44081817 7.11893504 14.9563987 30 
40 20.8337835 12.6787725 10.0857601 9.46726974 9.4335823 9.8713795 11.722676 17.4056023 30 
30 20 20 20 20 20 20 20 20 25 

0.008401
30 20 20 20 20 20 20 20 20 25 
40 20.918423 12.7642188 10.1507286 9.52169034 9.48704615 9.93198717 11.7971159 17.4756281 30 
40 19.2547054 8.49225696 4.80192987 3.88780532 3.83837698 4.49660064 7.19996436 15.0422221 30 
40 18.441082 6.92757525 2.91817126 1.91675582 1.86321897 2.59002884 5.55771163 14.0758455 30 
40 18.2144941 6.52948795 2.44830383 1.4271057 1.37272871 2.11566103 5.14524482 13.8236725 30 
40 18.2144941 6.52948795 2.44830383 1.4271057 1.37272871 2.11566103 5.14524482 13.8236725 30 
40 18.441082 6.92757525 2.91817126 1.91675582 1.86321897 2.59002884 5.55771163 14.0758455 30 
40 19.2547054 8.49225696 4.80192987 3.88780532 3.83837698 4.49660064 7.19996436 15.0422221 30 
40 20.918423 12.7642188 10.1507286 9.52169034 9.48704615 9.93198717 11.7971159 17.4756281 30 
30 20 20 20 20 20 20 20 20 25 

0.008501
30 20 20 20 20 20 20 20 20 25 
40 21.0016422 12.848733 10.2151302 9.57558216 9.53997093 9.99201647 11.8707057 17.5444792 30 
40 19.361516 8.58966747 4.86441612 3.93313466 3.88222018 4.55236774 7.28058627 15.126952 30 
40 18.5461577 7.01412271 2.96271896 1.94134808 1.88614372 2.62703737 5.62542163 14.1561458 30 
40 18.316558 6.60936329 2.48393165 1.44196036 1.38587085 2.14354617 5.20577419 13.9002921 30 
40 18.316558 6.60936329 2.48393165 1.44196036 1.38587085 2.14354617 5.20577419 13.9002921 30 
40 18.5461577 7.01412271 2.96271896 1.94134808 1.88614372 2.62703737 5.62542163 14.1561458 30 
40 19.361516 8.58966747 4.86441612 3.93313466 3.88222018 4.55236774 7.28058627 15.126952 30 
40 21.0016422 12.848733 10.2151302 9.57558216 9.53997093 9.99201647 11.8707057 17.5444792 30 
30 20 20 20 20 20 20 20 20 25 

0.008601
30 20 20 20 20 20 20 20 20 25 
40 21.0834737 12.9323277 10.2789727 9.62895539 9.59236702 10.0514763 11.9434576 17.6121824 30 
40 19.4669332 8.68657942 4.92691256 3.97849599 3.92607637 4.60811319 7.36079656 15.2106068 30 
40 18.6500052 7.1004696 3.00756963 1.96623069 1.90933507 2.66430223 5.69300153 14.2355396 30 
40 18.4174313 6.68907896 2.51987831 1.45710317 1.39927578 2.17169791 5.26620554 13.9760376 30 
40 18.4174313 6.68907896 2.51987831 1.45710317 1.39927578 2.17169791 5.26620554 13.9760376 30 
40 18.6500052 7.1004696 3.00756963 1.96623069 1.90933507 2.66430223 5.69300153 14.2355396 30 
40 19.4669332 8.68657942 4.92691256 3.97849599 3.92607637 4.60811319 7.36079656 15.2106068 30 
40 21.0834737 12.9323277 10.2789727 9.62895539 9.59236702 10.0514763 11.9434576 17.6121824 30 
30 20 20 20 20 20 20 20 20 25 

0.008701
30 20 20 20 20 20 20 20 20 25 
40 21.163949 13.0150149 10.3422643 9.68181996 9.64424458 10.1103754 12.0153836 17.6787639 30 
40 19.5709812 8.78298811 4.98941175 4.02388605 3.96994262 4.66383095 7.44059139 15.2932044 30 
40 18.7526454 7.18660843 3.05271543 1.9914009 1.93279056 2.70181705 5.76044519 14.3140423 30 
40 18.5171353 6.76862929 2.55613857 1.47253411 1.41294375 2.20011245 5.32653463 14.0509249 30 
40 18.5171353 6.76862929 2.55613857 1.47253411 1.41294375 2.20011245 5.32653463 14.0509249 30 
40 18.7526454 7.18660843 3.05271543 1.9914009 1.93279056 2.70181705 5.76044519 14.3140423 30 
40 19.5709812 8.78298811 4.98941175 4.02388605 3.96994262 4.66383095 7.44059139 15.2932044 30 
40 21.163949 13.0150149 10.3422643 9.68181996 9.64424458 10.1103754 12.0153836 17.6787639 30 
30 20 20 20 20 20 20 20 20 25 

0.008801
30 20 20 20 20 20 20 20 20 25 
40 21.2430989 13.0968067 10.4050125 9.73418555 9.69561349 10.1687222 12.0864958 17.7442491 30 
40 19.6736835 8.87888922 5.05190648 4.06930173 4.01381609 4.71951513 7.5199672 15.3747626 30 
40 18.8540986 7.27253202 3.0981486 2.01685594 1.95650771 2.73957552 5.8277467 14.3916685 30 
40 18.6156909 6.84800885 2.59270723 1.48825311 1.42687495 2.22878604 5.38675738 14.1249693 30 
40 18.6156909 6.84800885 2.59270723 1.48825311 1.42687495 2.22878604 5.38675738 14.1249693 30 
40 18.8540986 7.27253202 3.0981486 2.01685594 1.95650771 2.73957552 5.8277467 14.3916685 30 
40 19.6736835 8.87888922 5.05190648 4.06930173 4.01381609 4.71951513 7.5199672 15.3747626 30 
40 21.2430989 13.0968067 10.4050125 9.73418555 9.69561349 10.1687222 12.0864958 17.7442491 30 
30 20 20 20 20 20 20 20 20 25 

0.008901
30 20 20 20 20 20 20 20 20 25 
40 21.3209533 13.1777152 10.467225 9.78606163 9.74648343 10.2265251 12.1568057 17.8086627 30 
40 19.7750634 8.97427881 5.11438975 4.11473996 4.05769402 4.77516005 7.59892076 15.4552987 30 
40 18.9543847 7.35823349 3.14386146 2.04259303 1.98048404 2.77757143 5.89490039 14.4684327 30 
40 18.7131185 6.92721244 2.62957912 1.50426002 1.44106952 2.25771493 5.44686989 14.198186 30 
40 18.7131185 6.92721244 2.62957912 1.50426002 1.44106952 2.25771493 5.44686989 14.198186 30 
40 18.9543847 7.35823349 3.14386146 2.04259303 1.98048404 2.77757143 5.89490039 14.4684327 30 
40 19.7750634 8.97427881 5.11438975 4.11473996 4.05769402 4.77516005 7.59892076 15.4552987 30 
40 21.3209533 13.1777152 10.467225 9.78606163 9.74648343 10.2265251 12.1568057 17.8086627 30 
30 20 20 20 20 20 20 20 20 25 

0.009001
30 20 20 20 20 20 20 20 20 25 
40 21.3975413 13.2577519 10.5289092 9.83745741 9.79686384 10.2837923 12.2263249 17.8720288 30 
40 19.8751437 9.06915329 5.17685475 4.16019779 4.10157377 4.83076022 7.67744914 15.5348298 30 
40 19.0535234 7.44370628 3.18984643 2.06860937 2.00471702 2.81579861 5.96190084 14.5443493 30 
40 18.809438 7.00623509 2.66674908 1.52055462 1.45552751 2.28689537 5.50686844 14.2705897 30 
40 18.809438 7.00623509 2.66674908 1.52055462 1.45552751 2.28689537 5.50686844 14.2705897 30 
40 19.0535234 7.44370628 3.18984643 2.06860937 2.00471702 2.81579861 5.96190084 14.5443493 30 
40 19.8751437 9.06915329 5.17685475 4.16019779 4.10157377 4.83076022 7.67744914 15.5348298 30 
40 21.3975413 13.2577519 10.5289092 9.83745741 9.79686384 10.2837923 12.2263249 17.8720288 30 
30 20 20 20 20 20 20 20 20 25 

0.009101
30 20 20 20 20 20 20 20 20 25 
40 21.4728911 13.3369287 10.5900724 9.88838189 9.84676392 10.3405317 12.295065 17.9343707 30 
40 19.9739466 9.16350942 5.23929489 4.20567234 4.14545277 4.88631031 7.75554968 15.6133725 30 
40 19.1515337 7.52894408 3.23609601 2.09490211 2.02920415 2.854251 6.02874282 14.619432 30 
40 18.904669 7.08507208 2.70421198 1.53713662 1.47024891 2.31632365 5.56674945 14.342195 30 
40 18.904669 7.08507208 2.70421198 1.53713662 1.47024891 2.31632365 5.56674945 14.342195 30 
40 19.1515337 7.52894408 3.23609601 2.09490211 2.02920415 2.854251 6.02874282 14.619432 30 
40 19.9739466 9.16350942 5.23929489 4.20567234 4.14545277 4.88631031 7.75554968 15.6133725 30 
40 21.4728911 13.3369287 10.5900724 9.88838189 9.84676392 10.3405317 12.295065 17.9343707 30 
30 20 20 20 20 20 20 20 20 25 

0.009201
30 20 20 20 20 20 20 20 20 25 
40 21.5470302 13.415257 10.6507216 9.93884386 9.89619266 10.3967513 12.363037 17.9957112 30 
40 20.071494 9.25734427 5.30170377 4.25116081 4.18932854 4.94180519 7.83321999 15.6909434 30 
40 19.2484343 7.61394089 3.28260281 2.12146843 2.05394288 2.89292258 6.09542136 14.6936944 30 
40 18.9988305 7.16371887 2.74196273 1.55400566 1.48523365 2.34599605 5.62650952 14.4130158 30 
40 18.9988305 7.16371887 2.74196273 1.55400566 1.48523365 2.34599605 5.62650952 14.4130158 30 
40 19.2484343 7.61394089 3.28260281 2.12146843 2.05394288 2.89292258 6.09542136 14.6936944 30 
40 20.071494 9.25734427 5.30170377 4.25116081 4.18932854 4.94180519 7.83321999 15.6909434 30 
40 21.5470302 13.415257 10.6507216 9.93884386 9.89619266 10.3967513 12.363037 17.9957112 30 
30 20 20 20 20 20 20 20 20 25 

0.009301
30 20 20 20 20 20 20 20 20 25 
40 21.6199854 13.4927481 10.7108638 9.98885189 9.94515884 10.4524586 12.430252 18.0560725 30 
40 20.1678072 9.35065523 5.36407517 4.29666049 4.23319866 4.99723988 7.91045796 15.7675583 30 
40 19.3442437 7.69869097 3.32935951 2.14830546 2.07893068 2.93180745 6.16193166 14.76715 30 
40 19.0919412 7.24217116 2.77999627 1.5711613 1.50048159 2.37590888 5.68614538 14.483066 30 
40 19.0919412 7.24217116 2.77999627 1.5711613 1.50048159 2.37590888 5.68614538 14.483066 30 
40 19.3442437 7.69869097 3.32935951 2.14830546 2.07893068 2.93180745 6.16193166 14.76715 30 
40 20.1678072 9.35065523 5.36407517 4.29666049 4.23319866 4.99723988 7.91045796 15.7675583 30 
40 21.6199854 13.4927481 10.7108638 9.98885189 9.94515884 10.4524586 12.430252 18.0560725 30 
30 20 20 20 20 20 20 20 20 25 

0.009401
30 20 20 20 20 20 20 20 20 25 
40 21.6917827 13.5694133 10.770506 10.0384143 9.99367105 10.5076613 12.4967209 18.1154761 30 
40 20.2629074 9.44344 5.42640308 4.34216875 4.27706083 5.05260958 7.98726169 15.8432332 30 
40 19.4389797 7.78318885 3.37635891 2.17541032 2.10416497 2.97089974 6.22826916 14.8398117 30 
40 19.1840194 7.32042483 2.81830756 1.58860305 1.51599255 2.40605848 5.74565392 14.5523591 30 
40 19.1840194 7.32042483 2.81830756 1.58860305 1.51599255 2.40605848 5.74565392 14.5523591 30 
40 19.4389797 7.78318885 3.37635891 2.17541032 2.10416497 2.97089974 6.22826916 14.8398117 30 
40 20.2629074 9.44344 5.42640308 4.34216875 4.27706083 5.05260958 7.98726169 15.8432332 30 
40 21.6917827 13.5694133 10.770506 10.0384143 9.99367105 10.5076613 12.4967209 18.1154761 30 
30 20 20 20 20 20 20 20 20 25 

0.009501
30 20 20 20 20 20 20 20 20 25 
40 21.7624474 13.6452637 10.8296547 10.0875393 10.0417376 10.5623666 12.5624546 18.1739429 30 
40 20.356815 9.53569656 5.48868164 4.38768301 4.3209128 5.10790966 8.06362957 15.9179835 30 
40 19.5326599 7.86742931 3.42359388 2.20278013 2.12964321 3.0101937 6.29442947 14.9116923 30 
40 19.2750829 7.39847595 2.85689161 1.60633035 1.53176627 2.43644119 5.80503217 14.6209083 30 
40 19.2750829 7.39847595 2.85689161 1.60633035 1.53176627 2.43644119 5.80503217 14.6209083 30 
40 19.5326599 7.86742931 3.42359388 2.20278013 2.12964321 3.0101937 6.29442947 14.9116923 30 
40 20.356815 9.53569656 5.48868164 4.38768301 4.3209128 5.10790966 8.06362957 15.9179835 30 
40 21.7624474 13.6452637 10.8296547 10.0875393 10.0417376 10.5623666 12.5624546 18.1739429 30 
30 20 20 20 20 20 20 20 20 25 

0.009601
30 20 20 20 20 20 20 20 20 25 
40 21.8320043 13.7203101 10.8883167 10.1362349 10.0893668 10.6165819 12.6274634 18.2314933 30 
40 20.4495502 9.62742316 5.55090522 4.4332008 4.36475238 5.16313561 8.13956017 15.9918244 30 
40 19.6253017 7.95140737 3.4710574 2.23041199 2.15536281 3.04968364 6.36040842 14.9828044 30 
40 19.3651491 7.47632079 2.89574347 1.62434258 1.54780242 2.46705338 5.86427729 14.6887265 30 
40 19.3651491 7.47632079 2.89574347 1.62434258 1.54780242 2.46705338 5.86427729 14.6887265 30 
40 19.6253017 7.95140737 3.4710574 2.23041199 2.15536281 3.04968364 6.36040842 14.9828044 30 
40 20.4495502 9.62742316 5.55090522 4.4332008 4.36475238 5.16313561 8.13956017 15.9918244 30 
40 21.8320043 13.7203101 10.8883167 10.1362349 10.0893668 10.6165819 12.6274634 18.2314933 30 
30 20 20 20 20 20 20 20 20 25 

0.009701
30 20 20 20 20 20 20 20 20 25 
40 21.9004772 13.7945634 10.9464982 10.1845088 10.1365665 10.6703143 12.6917579 18.2881473 30 
40 20.5411329 9.71861832 5.61306831 4.47871968 4.40857749 5.21828313 8.21505229 16.0647707 30 
40 19.7169217 8.03511829 3.51874256 2.258303 2.1813212 3.08936394 6.426202 15.0531602 30 
40 19.4542353 7.55395581 2.93485819 1.64263905 1.56410065 2.49789144 5.92338658 14.7558264 30 
40 19.4542353 7.55395581 2.93485819 1.64263905 1.56410065 2.49789144 5.92338658 14.7558264 30 
40 19.7169217 8.03511829 3.51874256 2.258303 2.1813212 3.08936394 6.426202 15.0531602 30 
40 20.5411329 9.71861832 5.61306831 4.47871968 4.40857749 5.21828313 8.21505229 16.0647707 30 
40 21.9004772 13.7945634 10.9464982 10.1845088 10.1365665 10.6703143 12.6917579 18.2881473 30 
30 20 20 20 20 20 20 20 20 25 

0.009801
30 20 20 20 20 20 20 20 20 25 
40 21.9678897 13.8680342 11.0042058 10.2323686 10.1833445 10.7235706 12.7553484 18.343924 30 
40 20.6315823 9.80928081 5.67516562 4.5242373 4.45238607 5.27334803 8.29010497 16.1368371 30 
40 19.8075367 8.11855758 3.56664251 2.28645024 2.2075158 3.12922908 6.49180641 15.1227718 30 
40 19.542358 7.63137763 2.97423089 1.66121902 1.58066052 2.52895178 5.98235745 14.8222202 30 
40 19.542358 7.63137763 2.97423089 1.66121902 1.58066052 2.52895178 5.98235745 14.8222202 30 
40 19.8075367 8.11855758 3.56664251 2.28645024 2.2075158 3.12922908 6.49180641 15.1227718 30 
40 20.6315823 9.80928081 5.67516562 4.5242373 4.45238607 5.27334803 8.29010497 16.1368371 30 
40 21.9678897 13.8680342 11.0042058 10.2323686 10.1833445 10.7235706 12.7553484 18.343924 30 
30 20 20 20 20 20 20 20 20 25 

0.009901
30 20 20 20 20 20 20 20 20 25 
40 22.0342643 13.940733 11.0614455 10.2798217 10.2297085 10.7763577 12.8182448 18.3988424 30 
40 20.7209175 9.89940965 5.73719199 4.56975137 4.49617617 5.3283263 8.36471741 16.208038 30 
40 19.8971627 8.20172094 3.61475054 2.31485078 2.233944 3.16927361 6.55721801 15.1916509 30 
40 19.6295337 7.70858302 3.01385673 1.68008168 1.59748155 2.56023084 6.04118744 14.8879202 30 
40 19.6295337 7.70858302 3.01385673 1.68008168 1.59748155 2.56023084 6.04118744 14.8879202 30 
40 19.8971627 8.20172094 3.61475054 2.31485078 2.233944 3.16927361 6.55721801 15.1916509 30 
40 20.7209175 9.89940965 5.73719199 4.56975137 4.49617617 5.3283263 8.36471741 16.208038 30 
40 22.0342643 13.940733 11.0614455 10.2798217 10.2297085 10.7763577 12.8182448 18.3988424 30 
30 20 20 20 20 20 20 20 20 25 

0.010001
30 20 20 20 20 20 20 20 20 25 
40 22.0996232 14.0126701 11.1182234 10.3268753 10.2756659 10.8286823 12.8804572 18.4529207 30 
40 20.8091572 9.98900407 5.79914245 4.61525967 4.53994588 5.38321403 8.43888902 16.2783874 30 
40 19.9858156 8.28460432 3.66306 2.34350169 2.26060321 3.20949215 6.62243334 15.2598091 30 
40 19.7157783 7.78556896 3.05373089 1.69922617 1.6145632 2.59172508 6.09987423 14.952938 30 
40 19.7157783 7.78556896 3.05373089 1.69922617 1.6145632 2.59172508 6.09987423 14.952938 30 
40 19.9858156 8.28460432 3.66306 2.34350169 2.26060321 3.20949215 6.62243334 15.2598091 30 
40 20.8091572 9.98900407 5.79914245 4.61525967 4.53994588 5.38321403 8.43888902 16.2783874 30 
40 22.0996232 14.0126701 11.1182234 10.3268753 10.2756659 10.8286823 12.8804572 18.4529207 30 
30 20 20 20 20 20 20 20 20 25 

